1
999
1899
2756
3515
4442
5468
6048
6928
7762
8686
9638
10545
11343
12307
13174
13800
14765
15441
16210
17263
18313
18821
19754
20007
1
999
1899
2756
3515
4442
5468
6178
7069
8028
8766
9657
10559
11343
12384
13292
13978
14981
15868
16938
17530
18556
18990
19963
20007
1
999
1899
2756
3515
4442
5468
6247
7081
7942
8686
9578
10545
11343
12416
13348
13978
14981
15774
16655
17413
18551
18990
19963
20818
21488
22443
23381
24273
25099
25997
26449
27326
28243
29166
30047
31154
32045
32775
33650
34537
35168
36218
36870
37899
38885
39984
40703
41563
42459
43304
44018
44873
46106
46993
47663
48781
49651
50502
51049
51863
52679
53417
54425
55175
56256
57180
58126
58624
59437
60533
61285
62189
62969
63571
64391
65098
65749
66711
67472
68215
69240
70330
71026
71655
72777
73477
74399
75146
76214
77203
78052
78698
79502
80217
80722
81924
82658
83624
84329
84965
85851
86759
87524
88775
89683
90695
91463
92288
93469
94442
94722
95360
95931
96672
97464
98199
99090
99925
100909
101779
102465
103117
104069
104780
105786
106515
107221
107937
108726
109526
110512
111221
112369
113234
114070
114895
115580
116671
117639
118290
119006
120100
120909
121856
122866
123554
124507
125262
126172
127003
127764
128725
129743
130571
131432
132390
133441
134137
134918
135784
136555
137366
138451
139495
140349
141332
142145
143022
143906
144527
145550
146641
147473
148470
149281
150272
151121
151900
152638
153635
154574
155022
156257
157421
158278
158905
159723
160394
161253
162270
162990
163831
164542
165431
166227
166818
167848
168960
169816
170668
171600
172374
173158
174261
175191
175806
176424
177107
178042
178649
179350
180138
180973
181997
182985
183740
184533
185367
186276
187280
188171
189070
190101
190995
192285
193469
194108
194870
195697
196583
197365
198210
198805
199856
200738
201316
202079
202875
203593
204501
205398
206162
207166
208261
209113
209842
210623
211412
212510
213136
214215
214954
215635
216590
217545
218394
219155
219622
220552
221644
222796
223536
224437
225740
226506
227267
227942
228530
229491
230373
231155
232020
232957
233599
234144
234950
235755
236515
237563
238674
239592
240034
240706
241898
242726
243315
243809
244506
245471
246158
247095
247839
248571
249191
250097
250663
251520
252491
253910
254796
255791
256474
257762
258441
259493
260623
261554
262455
263145
264074
264846
265718
266569
267277
268294
269093
269879
270431
271268
271951
272813
273721
274826
275873
276343
277275
278077
278981
279710
280551
281457
282488
283403
284048
285159
286068
287122
287797
288443
288981
290114
291176
291907
292600
293162
294180
295078
295942
296804
297453
298064
298654
299377
300187
301106
302186
302854
303700
304825
305560
306224
306911
307585
308317
309112
309627
310414
311281
311960
312658
313071
313743
314611
315570
316450
317384
318056
318698
319725
320772
321672
322213
323076
323675
324252
324751
325654
326343
327123
327966
328694
329471
330399
331112
331861
332961
333855
335090
336108
336540
337306
338147
339113
339997
340842
342027
342951
343566
344191
345261
345945
346786
347612
348584
349321
350363
351196
351769
352724
353478
354535
355267
356147
356820
357901
358818
359629
360403
361069
362079
363047
364003
364983
366097
367011
367798
368587
369287
369846
370930
371606
372501
373355
374218
375118
375840
376677
377517
378338
379155
379754
380502
381347
382355
383289
384357
384884
385630
386421
387353
388204
389136
389788
390741
391327
392313
393075
393928
394782
395576
396145
396967
397806
398480
399169
399937
400802
401707
402657
403595
404507
405331
406272
407043
407536
408254
409196
410081
410782
411565
412304
413136
413704
414662
415328
415960
416574
417382
418342
419171
419969
420941
422232
423038
423688
424408
425069
425931
426717
427750
428826
429691
430560
431492
432406
433220
434182
435149
436039
437054
437873
438819
439731
440559
441665
442413
442960
443866
444742
445874
446758
447369
448014
448777
449587
450651
451308
452292
453028
453939
454937
455639
456678
457656
458500
459367
460072
460781
461650
462754
464008
464868
465489
466713
467415
468309
469002
469490
470360
471359
472306
473071
474023
474752
475601
476660
477433
478396
479298
480307
481206
481671
482391
483467
484106
484871
485544
486690
487655
488524
489389
490367
491114
491768
492928
493629
494435
495185
496093
497077
498007
498895
499597
500097
500859
501806
503201
504036
504880
505761
506771
507773
508645
509500
510379
511183
512073
513036
514188
514905
515813
516384
517267
518270
519040
520052
520432
520962
521758
522634
523452
524360
525255
526060
526731
527504
528614
529209
529951
530357
531302
532277
533322
534295
535011
535896
536718
537629
538505
539325
540382
541134
541817
542609
543293
544517
545718
546491
547016
548234
549009
549878
550674
551488
551971
553034
553985
554794
555754
556661
557528
558289
558893
559676
560400
561154
562049
563131
564064
564852
565685
566155
567092
568042
569090
570000
570900
571829
572688
573555
574178
575033
575644
576270
577070
577920
578626
579538
580246
580970
581870
582939
584136
585035
585717
586613
587745
588638
589655
590238
590959
591801
592826
593940
595011
595866
596579
597445
598406
599343
599785
600631
601328
602129
602915
603643
604690
605619
606580
607568
608387
609299
610100
610877
612001
612845
613967
615041
616072
616730
617569
618742
619536
620598
621116
621887
622733
623663
624337
625319
626344
626562
627343
628363
629114
629881
630818
631912
632741
633427
634270
635256
636129
636766
637621
638535
639349
640296
640970
641731
642523
643307
644246
645177
645910
646648
647712
648738
649391
650172
651179
651964
652809
653355
654417
655315
656410
657253
658206
658963
659721
660904
661496
662437
663065
663784
664633
665561
666425
667389
667747
668220
669158
670003
671130
671832
672672
673382
674087
674719
675744
676555
677402
678364
679073
679998
680971
681913
682919
683759
684620
685357
686037
686722
687416
688334
689453
690459
691165
692049
692869
693664
694440
695210
695851
696810
697724
698231
699236
700014
700709
701783
702444
703316
703993
705063
706265
707179
708035
709087
709918
710602
711524
712459
713169
714098
715195
715875
716544
717551
718391
719359
720299
721457
721974
722976
724427
725147
725978
726815
727478
728394
729094
730126
730716
731569
732516
733905
734798
735353
736098
736941
737750
738332
739166
740018
740849
741691
742586
743585
744480
745236
745984
746433
747071
747897
748475
749565
750466
750987
751773
752549
753450
754174
755266
755990
757161
757767
758477
759133
759882
760453
761223
762140
763008
763691
764517
765211
766154
767142
767945
768975
770196
770682
771549
772303
773176
774027
775035
775939
776482
777423
778302
779218
780131
781035
781978
782803
783433
784364
784927
785556
786188
787075
787958
788867
789775
790370
791125
791796
792426
793715
794645
795796
796854
797472
798439
799125
799886
800863
801441
802224
803112
804108
804887
806001
806795
807640
808765
809769
810612
811298
811860
812586
813518
814679
815406
816363
817240
818277
818942
819884
820525
821334
822201
823375
824165
824789
825529
826267
827315
828208
828824
829630
830413
831241
832240
833068
834006
834556
835347
836291
836804
837798
838761
839454
840348
841328
842179
843068
843766
844698
845468
846530
847296
848257
849125
850103
851095
851805
852326
853314
854146
854946
855680
856414
857333
858206
858880
859731
860601
861268
862316
863366
864055
865409
866011
866664
867373
868401
869278
870227
870894
872066
872956
873618
874497
875028
875739
876471
877655
878549
879546
880266
880895
881617
882511
883565
884648
885446
886686
887331
887867
888683
889204
890117
890962
891680
892929
893501
894297
894982
895879
896644
897171
898095
899033
899858
900712
901335
902350
903144
904078
904846
905780
906803
907536
908200
908776
909837
910871
911776
912432
913054
914081
914703
915522
916434
917214
918170
918713
919587
920548
921280
922306
923220
923763
924475
925546
926485
927247
928219
929135
929892
930612
931670
932479
933454
934405
935194
936214
937141
938235
939123
939676
940318
941027
941781
942405
943050
943750
944575
945427
946196
947154
947840
948628
949522
950770
951545
952463
952701
953612
954358
954977
955963
957036
958050
959082
959921
960830
961668
962501
963473
964521
965509
966328
967257
968123
969119
970154
971129
972095
972994
973995
974873
975369
976123
976961
977800
978791
979784
980573
981378
981943
983025
983997
984744
985705
986740
987470
988127
988855
989377
990067
991237
992134
992670
993827
994649
995284
995900
996771
997601
998117
998953
999643
1000560
1001633
1002490
1003474
1004503
1005349
1006033
1006864
1007340
1008060
1009054
1009778
1010587
1011385
1012087
1013036
1014223
1015254
1016290
1017048
1017542
1018496
1019435
1020203
1021003
1021993
1022699
1023746
1024784
1025689
1026601
1027288
1028062
1028956
1029833
1030888
1031681
1032818
1033794
1034420
1035317
1036401
1037393
1038166
1039094
1039995
1040424
1041284
1042082
1042600
1043408
1044161
1045199
1045891
1046561
1047571
1048556
1049436
1050367
1050918
1051502
1052327
1053543
1054714
1055834
1056558
1057835
1058577
1059228
1060176
1060939
1061902
1062775
1063805
1064431
1065172
1065902
1066995
1067966
1068812
1069882
1070696
1071050
1071852
1072957
1074211
1075199
1076022
1077029
1077808
1078738
1079685
1080560
1081494
1082255
1083122
1083933
1084760
1085827
1086988
1087891
1088661
1089416
1090223
1091104
1092251
1093448
1094290
1095352
1096225
1097182
1098011
1099099
1100067
1101016
1101983
1102727
1103571
1104196
1104974
1105538
1106566
1107491
1108407
1109299
1110378
1111148
1111898
1112832
1113874
1114597
1115197
1116218
1117222
1118174
1119057
1119891
1120455
1121649
1122789
1123642
1124516
1125484
1126362
1127485
1128356
1128885
1129645
1130282
1131065
1131741
1132694
1133482
1134514
1135311
1136265
1136836
1137825
1138751
1139802
1140769
1141689
1142311
1142633
1143658
1144623
1145375
1146058
1146873
1147678
1148383
1149213
1149800
1150700
1151595
1152354
1153463
1154379
1155315
1156054
1156977
1157945
1158639
1159506
1160331
1161013
1161737
1162441
1163459
1164505
1165263
1166182
1166989
1167706
1168239
1168938
1170017
1171033
1171963
1172984
1173891
1174698
1175760
1176551
1177100
1178048
1178984
1180079
1180850
1181764
1182270
1183240
1184088
1185206
1185928
1186714
1187851
1188883
1189345
1190381
1191318
1192322
1192898
1193674
1194316
1194778
1195587
1196207
1197113
1197865
1198707
1199703
1200340
1200597
1201359
1202118
1203104
1204093
1204716
1205694
1206297
1207033
1207917
1208983
1209872
1210549
1211428
1212140
1212776
1213494
1214288
1215173
1215893
1216746
1217467
1218105
1219176
1220051
1220824
1221531
1222639
1223798
1224692
1225346
1226263
1226994
1227674
1228718
1229546
1230482
1231283
1231928
1232614
1233398
1234254
1235247
1236071
1237044
1237751
1238709
1239541
1240717
1241716
1242470
1243478
1244427
1245064
1245936
1246846
1247886
1248879
1249717
1250763
1251370
1252244
1253196
1253919
1254981
1255932
1256777
1257314
1258112
1258712
1259271
1260178
1260970
1261960
1262757
1263760
1264530
1265637
1266430
1267440
1268262
1269195
1269943
1270707
1271667
1272353
1273047
1273797
1274429
1275223
1275959
1276821
1277794
1278656
1279650
1280100
1281146
1282075
1282904
1283738
1284763
1285437
1286353
1287067
1287612
1288591
1289428
1290450
1291233
1292191
1293110
1293856
1294477
1295418
1296066
1297098
1297811
1298582
1299443
1300293
1301030
1301997
1302746
1303612
1304567
1305635
1306538
1307257
1307844
1308658
1309574
1310588
1311681
1312767
1313522
1313891
1314529
1315338
1316317
1317118
1317926
1318760
1319322
1320295
1321097
1322083
1323147
1323856
1324738
1325440
1325799
1326673
1327487
1328564
1329530
1330092
1331073
1332068
1332844
1333668
1334518
1335178
1336168
1337087
1337420
1338443
1339390
1340210
1340840
1341837
1342676
1343457
1344334
1345034
1345654
1346687
1347797
1348723
1349680
1350435
1351285
1352310
1353568
1354003
1354729
1355577
1356284
1356869
1357755
1358600
1359111
1360080
1360977
1361954
1362851
1363807
1364808
1365557
1366529
1367303
1367939
1369006
1369610
1370272
1371087
1371947
1372882
1373901
1374844
1375829
1376432
1377350
1378473
1379418
1380050
1380545
1381294
1382411
1383498
1384410
1385213
1386229
1386880
1387733
1388661
1389524
1390355
1391358
1392502
1393416
1394013
1394696
1395517
1396133
1396890
1397715
1398550
1399147
1400217
1400890
1401795
1402573
1403308
1404191
1404973
1405876
1407021
1407633
1408292
1408985
1409698
1410454
1411041
1411976
1412717
1413297
1413616
1414365
1415135
1415928
1416804
1417483
1418602
1419743
1420411
1421322
1422330
1422901
1423489
1424324
1425197
1426339
1427115
1428093
1428843
1429812
1430634
1431552
1432509
1433555
1434351
1435257
1435960
1436779
1437507
1438293
1439102
1439743
1440501
1441413
1441933
1442814
1443567
1444523
1445301
1446146
1446958
1447798
1448924
1449672
1450795
1451816
1452924
1453458
1454258
1455112
1455793
1456563
1457593
1458317
1459379
1460205
1461074
1462115
1462963
1463518
1464218
1465104
1465856
1466823
1467898
1468595
1469362
1470217
1471148
1472233
1472993
1473787
1474549
1475342
1476503
1477348
1478033
1478903
1479636
1480145
1480811
1481570
1482366
1482943
1484247
1484940
1485973
1486772
1487546
1488592
1489415
1490278
1491042
1491739
1492529
1493763
1494535
1495673
1496313
1497048
1497832
1498559
1499439
1500102
1501253
1502059
1502893
1503642
1504486
1505490
1506033
1506928
1507681
1508607
1509796
1510635
1511384
1512506
1512922
1513780
1514594
1515492
1516387
1517273
1518012
1518852
1519658
1520363
1521302
1522070
1523069
1524014
1524858
1525835
1526924
1527644
1528556
1529549
1530358
1531097
1531974
1532847
1533438
1534281
1534956
1535877
1537021
1537632
1538936
1539525
1540496
1541315
1542114
1542742
1543677
1544693
1545233
1546007
1546770
1547685
1548291
1549481
1550476
1551408
1552302
1553124
1553806
1554444
1555125
1555846
1557137
1558201
1559317
1560004
1560709
1561720
1562748
1563520
1564572
1565569
1566435
1566971
1567667
1568494
1569424
1570212
1571062
1572123
1572979
1573925
1574467
1575214
1575887
1576984
1577780
1578626
1579537
1580394
1581320
1582089
1582628
1583410
1584074
1584701
1585793
1586462
1587402
1588158
1588781
1589818
1590723
1591477
1592629
1593545
1594566
1595113
1596334
1597097
1597783
1598404
1599214
1599792
1600590
1601455
1602296
1603159
1604422
1605070
1606072
1606998
1607848
1608873
1609496
1610310
1611197
1612135
1613265
1614089
1614831
1616022
1617027
1618107
1619150
1620068
1621127
1622309
1623030
1623707
1624391
1625123
1626138
1626898
1627869
1628810
1629097
1629980
1630897
1631794
1632631
1633362
1634058
1635130
1635814
1636497
1637650
1638574
1639534
1640294
1641068
1641843
1642721
1643580
1644428
1645234
1646127
1646961
1648015
1648459
1649164
1649908
1651112
1651803
1652943
1654013
1654744
1655485
1656265
1657312
1658260
1659207
1659955
1660777
1661469
1662598
1663346
1664343
1665120
1666357
1667415
1668192
1669239
1670145
1671156
1672251
1673196
1673872
1674169
1675436
1676371
1677368
1678250
1678989
1679714
1680130
1681101
1681728
1682699
1683391
1684247
1684842
1685708
1686747
1687633
1688478
1689540
1690466
1691076
1692055
1692967
1693793
1694708
1695457
1696259
1697045
1697790
1698793
1699452
1700380
1701352
1701936
1702775
1703637
1704303
1704807
1705588
1706423
1707127
1708148
1709137
1710039
1710824
1711427
1712319
1713187
1713957
1714882
1715731
1716472
1717309
1718096
1719134
1719746
1720192
1721028
1722096
1723009
1723789
1724565
1725116
1725853
1726621
1727295
1727843
1728861
1729617
1730547
1731366
1732452
1733214
1733996
1734647
1735451
1736352
1737270
1738238
1739144
1740011
1740882
1742016
1743012
1743887
1744857
1745524
1746358
1747260
1748063
1748883
1749810
1750691
1751498
1752430
1753471
1754312
1755239
1756155
1757083
1757867
1758577
1759321
1759951
1760870
1761704
1762404
1762907
1763819
1764907
1765560
1766328
1767148
1767976
1769210
1769995
1771030
1771757
1772497
1773268
1774239
1774982
1775783
1776942
1777947
1778875
1779772
1780605
1781356
1782199
1783251
1784047
1785033
1786080
1786807
1787388
1788119
1789364
1790620
1791845
1792560
1793370
1794150
1794753
1795703
1796458
1797389
1798260
1799365
1800297
1800887
1801640
1802303
1803081
1804018
1805272
1806239
1807059
1808070
1808961
1809890
1810620
1811470
1812077
1813098
1814184
1814824
1816376
1817318
1818101
1819036
1819859
1820973
1822096
1822748
1823540
1824276
1825210
1826124
1827166
1827717
1828909
1830145
1830870
1831615
1832236
1833191
1834173
1834738
1835329
1836254
1837153
1837971
1838660
1839441
1840429
1841015
1842117
1842963
1843509
1844350
1845222
1846165
1847109
1847603
1848580
1849437
1849989
1850809
1851590
1852278
1852871
1853381
1854450
1855293
1856478
1857301
1858321
1859205
1860128
1861046
1861893
1862801
1863672
1864558
1865431
1866266
1867073
1867601
1868398
1868977
1870032
1870958
1871745
1872843
1873838
1874701
1875265
1876039
1876961
1877610
1878481
1879170
1880117
1880830
1881708
1882699
1883379
1884082
1884828
1885551
1886871
1887803
1888356
1888999
1889861
1890924
1892111
1892988
1893570
1894230
1894933
1896057
1897137
1898026
1898822
1899552
1900584
1901319
1902356
1903087
1903995
1905015
1905995
1906827
1907653
1908238
1908976
1909736
1910473
1911480
1912372
1912916
1913728
1914457
1915495
1916256
1917045
1917803
1918838
1919660
1920370
1921548
1922815
1923528
1924427
1925527
1926637
1927410
1928220
1928988
1929665
1930252
1931236
1931950
1932951
1933768
1934565
1935423
1936508
1937315
1938224
1938782
1939511
1940352
1941404
1942137
1943133
1944036
1945033
1945728
1946430
1947234
1947948
1948844
1949946
1950582
1951476
1952436
1953271
1954242
1955231
1956322
1957208
1958233
1959162
1959932
1960567
1961620
1962547
1963470
1964573
1965214
1966093
1966836
1967539
1968692
1969575
1970244
1970848
1971482
1972049
1973167
1973911
1974666
1975511
1976224
1977084
1978127
1978886
1979763
1980315
1980997
1981984
1982911
1983741
1984292
1985444
1986454
1987093
1988044
1988719
1989559
1990437
1991350
1992298
1992896
1994162
1994763
1995786
1996686
1997619
1998535
1999448
2000004
2000007
1
37
70
111
157
197
239
282
326
366
408
448
487
526
567
606
646
686
727
765
804
846
887
925
962
1002
1039
1074
1113
1151
1190
1230
1266
1307
1342
1383
1419
1457
1494
1533
1570
1608
1645
1678
1716
1757
1794
1829
1867
1907
1938
1973
2007
2042
2073
2104
2135
2174
2213
2258
2296
2337
2373
2416
2450
2491
2532
2572
2612
2655
2693
2732
2770
2806
2846
2879
2916
2956
2993
3034
3073
3115
3152
3190
3228
3262
3302
3343
3381
3419
3455
3494
3528
3569
3603
3641
3676
3710
3743
3775
3808
3845
3879
3913
3952
3987
4019
4050
4081
4114
4154
4195
4235
4278
4311
4348
4387
4427
4466
4503
4545
4585
4622
4660
4700
4737
4773
4810
4850
4886
4926
4964
4998
5034
5070
5110
5144
5180
5217
5253
5290
5329
5364
5402
5441
5477
5513
5543
5579
5616
5651
5689
5728
5763
5793
5828
5859
5890
5928
5958
5995
6033
6074
6114
6155
6195
6235
6275
6315
6357
6396
6436
6468
6507
6545
6585
6623
6660
6698
6736
6770
6806
6844
6883
6916
6957
6996
7034
7072
7110
7147
7188
7226
7264
7296
7336
7372
7410
7444
7483
7520
7559
7595
7633
7669
7703
7739
7768
7802
7838
7873
7904
7936
7976
8015
8053
8083
8116
8145
8171
8202
8235
8263
8291
8326
8354
8382
8414
8441
8473
8498
8531
8561
8591
8622
8660
8701
8738
8776
8814
8851
8885
8922
8960
8997
9030
9069
9106
9140
9178
9214
9251
9288
9323
9360
9397
9428
9467
9504
9540
9576
9611
9642
9675
9710
9741
9771
9805
9837
9879
9916
9960
9990
10030
10070
10109
10148
10188
10223
10261
10298
10337
10374
10409
10449
10487
10523
10563
10602
10640
10680
10721
10753
10789
10828
10867
10905
10940
10976
11014
11050
11090
11120
11158
11195
11231
11267
11308
11343
11378
11414
11451
11490
11532
11566
11599
11632
11660
11693
11727
11762
11804
11847
11886
11926
11966
12007
12043
12085
12124
12165
12206
12241
12281
12321
12359
12399
12434
12467
12496
12532
12570
12609
12649
12686
12724
12761
12801
12840
12878
12917
12953
12991
13033
13070
13108
13143
13179
13205
13244
13282
13324
13362
13401
13439
13474
13511
13542
13576
13610
13646
13679
13713
13755
13798
13837
13874
13916
13955
13996
14035
14075
14115
14154
14195
14234
14273
14312
14352
14393
14433
14473
14512
14553
14589
14627
14664
14701
14740
14779
14821
14857
14895
14935
14972
15011
15050
15087
15125
15165
15202
15240
15276
15315
15353
15390
15425
15464
15501
15537
15570
15601
15633
15667
15707
15749
15790
15826
15849
15881
15909
15942
15971
16003
16033
16060
16088
16120
16151
16182
16208
16240
16269
16296
16325
16354
16382
16414
16443
16473
16506
16536
16571
16611
16650
16685
16720
16759
16798
16839
16875
16914
16952
16988
17027
17066
17105
17143
17179
17217
17253
17290
17326
17358
17391
17426
17457
17491
17527
17568
17610
17651
17690
17728
17771
17810
17850
17892
17931
17974
18014
18053
18093
18136
18174
18215
18255
18294
18338
18376
18413
18450
18490
18525
18565
18605
18643
18677
18716
18752
18791
18828
18867
18904
18940
18980
19018
19056
19094
19131
19170
19206
19246
19278
19312
19344
19377
19412
19444
19483
19521
19564
19605
19646
19684
19724
19762
19803
19844
19883
19920
19956
19997
20035
20074
20113
20150
20190
20228
20267
20305
20342
20380
20418
20458
20495
20533
20571
20610
20648
20687
20722
20760
20795
20832
20871
20908
20947
20982
21022
21058
21094
21131
21162
21199
21232
21264
21296
21326
21362
21405
21447
21488
21526
21569
21607
21644
21685
21725
21764
21804
21846
21886
21925
21964
22006
22045
22085
22124
22161
22199
22236
22276
22314
22352
22392
22433
22469
22507
22545
22583
22618
22659
22695
22736
22775
22812
22849
22888
22926
22963
23003
23041
23073
23107
23146
23178
23214
23247
23276
23320
23357
23404
23445
23480
23513
23548
23576
23608
23639
23668
23698
23730
23760
23794
23824
23854
23886
23916
23944
23973
24006
24032
24063
24096
24126
24154
24182
24208
24239
24272
24304
24336
24369
24402
24436
24465
24498
24533
24563
24594
24629
24664
24695
24730
24762
24796
24831
24864
24898
24932
24965
25003
25035
25065
25095
25130
25156
25184
25212
25247
25285
25319
25357
25392
25428
25466
25503
25535
25555
25584
25616
25652
25689
25722
25758
25797
25832
25868
25902
25938
25971
26007
26044
26080
26113
26148
26181
26215
26252
26285
26321
26354
26386
26422
26454
26488
26522
26558
26593
26630
26665
26699
26734
26765
26800
26831
26866
26895
26926
26957
26982
27011
27042
27069
27099
27131
27166
27204
27239
27279
27314
27350
27387
27421
27458
27494
27529
27569
27605
27637
27671
27707
27740
27775
27809
27844
27878
27912
27947
27980
28013
28046
28080
28114
28146
28182
28216
28249
28282
28315
28349
28378
28414
28445
28479
28514
28549
28581
28613
28645
28676
28709
28743
28778
28809
28842
28870
28906
28934
28962
28989
29018
29045
29080
29114
29150
29187
29225
29261
29299
29334
29370
29403
29430
29464
29502
29537
29573
29609
29646
29681
29717
29752
29789
29823
29860
29893
29929
29965
29999
30035
30070
30103
30138
30169
30206
30237
30271
30305
30339
30374
30408
30445
30475
30508
30542
30576
30612
30645
30679
30713
30743
30776
30806
30838
30868
30897
30928
30960
30991
31021
31058
31095
31130
31162
31191
31220
31248
31269
31294
31320
31346
31373
31404
31429
31452
31479
31506
31532
31560
31586
31614
31641
31668
31693
31718
31746
31768
31794
31822
31854
31879
31907
31938
31973
32006
32038
32070
32101
32136
32170
32205
32238
32270
32296
32327
32357
32388
32417
32450
32483
32517
32554
32584
32619
32651
32686
32715
32745
32771
32799
32827
32855
32883
32920
32958
32996
33033
33070
33105
33143
33178
33212
33247
33284
33316
33349
33382
33416
33450
33483
33519
33553
33586
33621
33655
33687
33722
33758
33792
33826
33857
33891
33928
33961
33993
34031
34065
34099
34131
34165
34198
34234
34267
34301
34331
34367
34398
34432
34466
34503
34533
34568
34598
34631
34661
34691
34717
34745
34775
34805
34839
34876
34912
34946
34982
35020
35055
35089
35126
35160
35196
35231
35266
35299
35333
35367
35398
35434
35467
35500
35536
35570
35601
35635
35669
35701
35735
35768
35804
35834
35867
35899
35936
35967
36004
36039
36071
36105
36141
36173
36208
36242
36272
36305
36340
36371
36402
36436
36468
36502
36533
36560
36589
36618
36647
36677
36705
36735
36767
36804
36843
36880
36916
36949
36987
37021
37060
37097
37130
37166
37202
37239
37275
37309
37346
37383
37416
37451
37486
37519
37556
37589
37624
37657
37695
37730
37765
37799
37830
37863
37897
37932
37965
38000
38032
38067
38104
38138
38172
38208
38240
38273
38307
38342
38377
38405
38440
38478
38510
38540
38568
38597
38625
38652
38686
38720
38758
38793
38825
38856
38882
38907
38934
38961
38989
39015
39040
39069
39096
39116
39143
39169
39198
39227
39256
39279
39302
39330
39351
39377
39404
39427
39453
39481
39504
39534
39566
39598
39631
39666
39696
39729
39763
39798
39831
39865
39899
39933
39967
40003
40035
40066
40093
40126
40157
40191
40224
40258
40293
40325
40353
40382
40411
40439
40470
40502
40534
40559
40590
40628
40663
40703
40738
40776
40811
40851
40886
40920
40951
40988
41023
41056
41090
41121
41156
41192
41226
41263
41296
41330
41366
41403
41436
41467
41501
41536
41570
41606
41640
41674
41707
41739
41771
41804
41837
41869
41906
41939
41976
42006
42039
42074
42108
42140
42174
42209
42246
42275
42305
42335
42360
42389
42417
42445
42476
42502
42532
42570
42605
42641
42676
42712
42748
42786
42821
42856
42890
42926
42960
42996
43034
43067
43102
43138
43168
43202
43237
43272
43307
43342
43378
43411
43447
43481
43515
43549
43580
43617
43649
43686
43720
43754
43788
43823
43854
43888
43921
43956
43986
44022
44053
44087
44117
44152
44180
44181
44213
44245
44283
44322
44359
44395
44431
44465
44501
44537
44575
44610
44647
44679
44713
44750
44780
44817
44852
44888
44923
44959
44990
45022
45058
45095
45129
45166
45198
45237
45268
45301
45335
45370
45404
45437
45471
45504
45537
45569
45603
45638
45672
45705
45736
45770
45802
45834
45866
45898
45929
45965
45996
46027
46060
46090
46122
46155
46190
46223
46253
46285
46314
46342
46368
46399
46434
46471
46503
46531
46558
46587
46615
46641
46668
46696
46723
46751
46778
46806
46833
46861
46886
46911
46929
46953
46980
47009
47033
47061
47087
47113
47141
47168
47193
47218
47247
47270
47303
47334
47367
47399
47432
47467
47502
47536
47570
47602
47638
47672
47706
47741
47771
47799
47833
47862
47895
47929
47961
47992
48024
48055
48082
48115
48144
48173
48201
48227
48257
48289
48327
48364
48397
48431
48465
48501
48532
48567
48604
48635
48672
48710
48745
48781
48816
48851
48886
48924
48953
48986
49021
49052
49090
49125
49159
49190
49226
49259
49293
49327
49361
49397
49430
49465
49501
49534
49563
49600
49633
49665
49700
49730
49763
49797
49827
49862
49894
49927
49957
49990
50022
50051
50084
50114
50141
50167
50204
50237
50274
50312
50347
50386
50421
50458
50492
50526
50561
50596
50633
50669
50701
50738
50772
50807
50841
50874
50909
50943
50980
51016
51050
51085
51117
51150
51186
51220
51257
51290
51326
51358
51393
51424
51460
51492
51527
51562
51597
51629
51663
51698
51733
51764
51798
51830
51864
51886
51915
51946
51975
52006
52038
52069
52104
52142
52178
52213
52249
52283
52318
52352
52389
52424
52462
52498
52532
52566
52603
52639
52674
52708
52746
52777
52813
52847
52881
52916
52949
52984
53020
53053
53088
53121
53155
53188
53222
53258
53291
53323
53359
53392
53425
53459
53493
53527
53560
53599
53629
53666
53698
53733
53768
53802
53830
53857
53886
53913
53947
53979
54006
54034
54061
54098
54133
54172
54204
54234
54256
54285
54309
54336
54362
54390
54415
54441
54471
54495
54521
54548
54574
54601
54628
54654
54679
54705
54729
54754
54781
54806
54829
54857
54884
54910
54937
54962
54999
55031
55066
55099
55133
55162
55193
55226
55260
55296
55329
55366
55395
55430
55464
55499
55534
55570
55606
55638
55669
55701
55729
55757
55783
55811
55842
55872
55902
55929
55958
55994
56029
56059
56096
56134
56167
56202
56239
56271
56303
56341
56374
56409
56441
56475
56510
56545
56578
56613
56646
56678
56715
56748
56782
56813
56845
56879
56910
56942
56974
57008
57042
57075
57108
57144
57180
57214
57249
57282
57314
57346
57381
57412
57446
57479
57508
57543
57576
57609
57641
57673
57702
57730
57758
57789
57817
57847
57877
57914
57946
57982
58014
58048
58081
58120
58154
58190
58227
58264
58297
58337
58368
58402
58434
58468
58505
58541
58575
58609
58643
58676
58709
58745
58782
58814
58852
58888
58921
58956
58989
59027
59058
59090
59123
59156
59192
59226
59259
59294
59327
59357
59391
59426
59460
59493
59527
59553
59586
59618
59650
59678
59708
59740
59768
59801
59834
59869
59904
59941
59977
60010
60049
60084
60121
60155
60189
60226
60260
60291
60325
60361
60396
60430
60465
60499
60534
60568
60602
60635
60671
60702
60735
60767
60802
60836
60871
60903
60941
60974
61007
61040
61076
61109
61143
61176
61210
61245
61278
61312
61344
61378
61412
61443
61473
61503
61533
61561
61592
61617
61647
61673
61705
61737
61774
61811
61847
61876
61907
61933
61961
61987
62014
62045
62072
62101
62127
62156
62184
62210
62236
62267
62296
62322
62348
62375
62402
62429
62454
62481
62508
62535
62564
62593
62619
62645
62678
62715
62745
62781
62816
62849
62884
62920
62955
62990
63020
63054
63089
63121
63156
63187
63219
63256
63289
63321
63355
63384
63413
63443
63467
63495
63522
63552
63577
63608
63643
63677
63712
63748
63785
63820
63858
63893
63926
63959
63993
64025
64061
64096
64130
64166
64202
64236
64268
64305
64336
64369
64403
64435
64467
64502
64537
64571
64606
64636
64666
64701
64736
64769
64803
64836
64871
64907
64939
64969
65004
65034
65067
65098
65131
65162
65194
65226
65259
65292
65321
65349
65377
65409
65439
65467
65498
65525
65555
65587
65623
65662
65698
65733
65771
65808
65843
65878
65914
65944
65982
66016
66052
66085
66121
66154
66188
66221
66258
66289
66323
66356
66388
66423
66456
66490
66523
66556
66592
66624
66658
66691
66722
66757
66794
66826
66859
66894
66927
66959
66993
67027
67058
67095
67127
67160
67194
67220
67254
67283
67316
67350
67379
67411
67441
67468
67498
67534
67569
67603
67639
67676
67712
67748
67786
67819
67852
67886
67919
67955
67990
68021
68057
68090
68126
68156
68188
68220
68255
68290
68324
68361
68394
68428
68463
68495
68528
68560
68592
68624
68657
68691
68724
68754
68789
68822
68853
68881
68915
68948
68982
69015
69047
69081
69113
69144
69179
69207
69237
69264
69291
69319
69347
69376
69405
69440
69474
69510
69538
69566
69593
69620
69650
69674
69700
69724
69749
69776
69803
69830
69859
69886
69913
69940
69967
69994
70020
70049
70075
70100
70125
70152
70179
70209
70234
70260
70286
70312
70340
70372
70406
70441
70472
70504
70538
70573
70604
70638
70669
70702
70738
70770
70804
70838
70869
70903
70931
70967
70998
71028
71061
71084
71113
71143
71172
71204
71233
71260
71292
71322
71356
71394
71430
71467
71505
71538
71573
71609
71642
71675
71710
71744
71779
71808
71841
71871
71907
71943
71972
72007
72040
72075
72108
72140
72174
72212
72238
72271
72303
72339
72371
72405
72439
72473
72504
72539
72572
72605
72641
72672
72706
72737
72766
72798
72828
72862
72893
72925
72960
72985
72986
73020
73050
73083
73115
73151
73188
73223
73260
73298
73335
73372
73409
73447
73481
73517
73554
73588
73625
73662
73695
73732
73767
73800
73836
73870
73904
73938
73972
74005
74041
74077
74109
74143
74177
74210
74245
74278
74313
74346
74381
74415
74449
74482
74516
74553
74587
74620
74656
74690
74726
74760
74795
74828
74859
74897
74924
74953
74986
75014
75045
75072
75101
75131
75163
75198
75233
75271
75306
75340
75377
75414
75447
75481
75517
75554
75587
75623
75660
75690
75724
75759
75794
75826
75859
75896
75932
75965
75999
76032
76068
76102
76135
76168
76205
76236
76271
76305
76337
76370
76403
76437
76468
76504
76535
76571
76605
76640
76675
76707
76740
76770
76804
76837
76871
76903
76936
76967
76995
77026
77060
77088
77114
77146
77186
77222
77259
77289
77317
77344
77373
77398
77419
77448
77474
77503
77531
77556
77585
77612
77640
77664
77692
77720
77745
77774
77799
77827
77855
77881
77905
77932
77962
77988
78015
78046
78079
78116
78146
78181
78216
78250
78284
78316
78350
78383
78418
78450
78481
78516
78548
78582
78611
78646
78681
78715
78748
78776
78806
78834
78863
78891
78921
78942
78966
78998
79034
79072
79109
79142
79180
79215
79247
79283
79314
79351
79387
79422
79459
79493
79527
79562
79594
79629
79662
79694
79724
79758
79788
79818
79850
79885
79917
79950
79981
80014
80050
80083
80118
80148
80181
80213
80245
80276
80307
80342
80374
80408
80439
80473
80507
80541
80570
80600
80633
80667
80694
80724
80752
80780
80809
80838
80870
80896
80927
80963
81001
81033
81071
81102
81141
81176
81210
81249
81284
81319
81357
81392
81426
81460
81496
81528
81563
81600
81631
81665
81697
81734
81768
81806
81841
81875
81909
81939
81973
82006
82040
82073
82107
82143
82178
82210
82244
82276
82311
82345
82377
82410
82442
82475
82508
82540
82573
82603
82631
82660
82691
82723
82750
82782
82812
82837
82865
82902
82939
82974
83012
83044
83082
83117
83153
83184
83223
83260
83294
83328
83365
83401
83437
83473
83506
83539
83575
83608
83639
83673
83708
83743
83780
83815
83846
83880
83914
83950
83982
84017
84050
84082
84117
84148
84180
84215
84246
84279
84312
84347
84381
84412
84447
84476
84509
84540
84572
84605
84636
84663
84694
84723
84753
84785
84815
84848
84885
84920
84954
84983
85010
85039
85066
85092
85121
85151
85177
85206
85234
85262
85287
85317
85343
85370
85397
85422
85448
85477
85504
85531
85559
85587
85615
85640
85665
85693
85718
85745
85769
85798
85833
85865
85898
85932
85966
86000
86031
86065
86098
86131
86167
86201
86236
86268
86305
86336
86369
86404
86431
86432
86466
86497
86523
86553
86583
86614
86650
86687
86724
86760
86797
86836
86873
86910
86943
86976
87007
87043
87082
87118
87150
87187
87220
87253
87288
87324
87358
87395
87431
87465
87498
87531
87562
87594
87628
87659
87691
87724
87759
87793
87826
87857
87891
87925
87955
87990
88025
88058
88092
88128
88159
88191
88226
88257
88286
88319
88350
88380
88411
88443
88472
88505
88529
88557
88582
88610
88640
88676
88710
88744
88778
88815
88846
88882
88917
88954
88988
89021
89057
89092
89129
89162
89197
89231
89263
89297
89330
89364
89400
89434
89466
89503
89536
89570
89603
89637
89668
89701
89734
89767
89798
89831
89861
89892
89927
89959
89991
90023
90054
90087
90119
90153
90184
90213
90245
90275
90305
90334
90367
90396
90426
90455
90486
90514
90546
90574
90606
90643
90678
90714
90751
90785
90821
90854
90890
90926
90957
90993
91028
91061
91098
91131
91165
91200
91236
91268
91302
91337
91366
91403
91434
91470
91503
91536
91570
91604
91639
91673
91707
91738
91773
91802
91839
91871
91903
91939
91969
92002
92038
92067
92100
92134
92165
92196
92223
92252
92284
92315
92345
92374
92403
92433
92464
92499
92538
92569
92599
92632
92657
92683
92713
92740
92768
92802
92825
92854
92876
92901
92928
92957
92984
93008
93037
93064
93090
93117
93145
93169
93196
93223
93250
93274
93302
93327
93353
93379
93407
93440
93476
93506
93540
93573
93607
93641
93673
93708
93740
93775
93808
93840
93876
93909
93943
93976
94010
94044
94078
94107
94139
94166
94193
94221
94250
94276
94310
94344
94377
94416
94454
94489
94526
94561
94596
94631
94666
94701
94735
94770
94805
94841
94876
94911
94946
94980
95014
95049
95076
95109
95144
95175
95207
95243
95275
95308
95340
95377
95406
95440
95474
95508
95538
95568
95603
95632
95662
95692
95723
95757
95790
95826
95856
95889
95922
95953
95985
96018
96046
96074
96105
96136
96167
96197
96222
96253
96280
96317
96349
96383
96419
96455
96486
96521
96557
96593
96627
96661
96700
96732
96767
96801
96834
96871
96908
96938
96974
97005
97038
97068
97102
97134
97169
97202
97236
97269
97304
97335
97368
97405
97436
97469
97505
97535
97570
97604
97635
97668
97703
97737
97771
97802
97837
97870
97904
97935
97966
97999
98031
98059
98087
98121
98153
98180
98203
98239
98275
98311
98344
98381
98416
98453
98487
98522
98557
98590
98626
98662
98697
98733
98767
98804
98837
98873
98907
98940
98975
99009
99044
99076
99108
99144
99177
99211
99243
99277
99308
99340
99376
99408
99442
99478
99512
99544
99577
99609
99642
99674
99703
99739
99773
99806
99839
99873
99904
99933
99965
99999
100024
100054
100085
100116
100144
100178
100217
100252
100284
100312
100340
100368
100396
100424
100450
100474
100501
100530
100555
100582
100610
100635
100663
100689
100713
100738
100766
100788
100817
100842
100868
100894
100919
100948
100971
100995
101021
101053
101087
101119
101151
101185
101215
101248
101282
101317
101351
101385
101420
101453
101486
101520
101550
101582
101619
101653
101686
101720
101752
101784
101817
101847
101874
101903
101932
101963
101992
102022
102055
102083
102116
102152
102191
102223
102261
102295
102333
102367
102401
102434
102468
102503
102535
102573
102606
102639
102674
102708
102743
102773
102805
102840
102876
102905
102938
102973
103004
103037
103070
103105
103140
103172
103203
103233
103266
103298
103334
103367
103399
103431
103463
103496
103532
103562
103595
103627
103659
103693
103721
103749
103779
103808
103836
103866
103895
103924
103959
103997
104035
104072
104104
104137
104171
104208
104243
104274
104308
104341
104375
104406
104437
104471
104504
104540
104573
104607
104642
104675
104706
104741
104773
104808
104841
104873
104905
104940
104975
105010
105044
105072
105107
105140
105172
105205
105238
105275
105308
105339
105375
105408
105439
105471
105504
105537
105572
105604
105637
105666
105696
105723
105751
105779
105811
105842
105871
105900
105929
105964
106002
106036
106066
106102
106138
106174
106206
106242
106278
106312
106349
106382
106418
106454
106487
106520
106556
106591
106626
106658
106691
106727
106757
106792
106826
106859
106894
106926
106961
106993
107028
107059
107090
107123
107157
107190
107223
107254
107288
107322
107358
107389
107421
107453
107486
107520
107554
107568
107600
107627
107657
107685
107720
107748
107776
107813
107850
107885
107915
107944
107970
107998
108027
108051
108079
108108
108135
108165
108194
108222
108250
108276
108302
108329
108352
108377
108404
108431
108455
108481
108507
108533
108559
108587
108613
108638
108662
108692
108728
108759
108791
108824
108858
108893
108928
108962
108995
109029
109060
109095
109130
109162
109198
109230
109264
109297
109333
109366
109400
109434
109466
109496
109526
109558
109587
109618
109650
109682
109713
109735
109765
109804
109840
109876
109913
109949
109983
110020
110053
110088
110125
110162
110197
110233
110269
110303
110336
110372
110406
110443
110477
110509
110542
110574
110609
110645
110677
110711
110745
110776
110809
110843
110874
110907
110937
110972
111003
111036
111067
111098
111130
111164
111198
111231
111261
111295
111328
111361
111393
111420
111452
111482
111509
111538
111573
111601
111626
111655
111689
111727
111763
111799
111828
111867
111898
111933
111967
112004
112039
112073
112109
112143
112173
112209
112240
112271
112303
112337
112365
112401
112432
112465
112493
112527
112558
112593
112625
112656
112691
112726
112754
112780
112807
112841
112872
112907
112941
112973
113007
113036
113070
113102
113138
113170
113203
113235
113269
113300
113332
113350
113379
113408
113437
113465
113494
113522
113553
113589
113625
113662
113694
113732
113770
113807
113843
113879
113915
113951
113985
114020
114053
114089
114123
114158
114188
114225
114257
114291
114324
114357
114390
114424
114457
114492
114527
114559
114592
114626
114658
114690
114726
114757
114791
114825
114859
114893
114926
114960
114993
115024
115058
115090
115124
115157
115188
115221
115253
115287
115319
115346
115374
115402
115434
115461
115491
115525
115560
115594
115631
115666
115696
115725
115754
115782
115809
115838
115867
115894
115920
115949
115975
115999
116026
116057
116083
116110
116137
116162
116190
116218
116240
116265
116289
116316
116344
116374
116399
116425
116449
116478
116510
116544
116578
116612
116643
116674
116709
116742
116777
116810
116843
116877
116906
116943
116975
117010
117040
117073
117104
117140
117171
117203
117234
117260
117292
117323
117347
117377
117404
117442
117480
117517
117551
117586
117622
117657
117695
117730
117767
117803
117839
117873
117910
117945
117981
118014
118048
118085
118117
118151
118188
118220
118251
118287
118321
118354
118389
118420
118456
118486
118520
118551
118584
118618
118652
118682
118715
118750
118777
118809
118839
118870
118903
118936
118969
119002
119031
119064
119093
119125
119156
119186
119218
119247
119273
119300
119331
119358
119393
119427
119465
119502
119536
119567
119603
119635
119671
119706
119739
119774
119807
119839
119873
119906
119939
119972
120007
120041
120073
120106
120137
120172
120201
120233
120269
120303
120336
120368
120399
120431
120464
120492
120522
120552
120585
120617
120650
120681
120716
120748
120781
120813
120846
120879
120914
120947
120979
121013
121042
121071
121102
121133
121160
121189
121218
121245
121274
121304
121340
121373
121415
121449
121485
121517
121551
121584
121619
121652
121687
121722
121758
121792
121825
121858
121893
121924
121959
121993
122028
122062
122096
122128
122165
122200
122234
122266
122299
122331
122367
122402
122437
122469
122503
122536
122566
122598
122633
122665
122701
122733
122766
122801
122835
122869
122903
122934
122966
122995
123025
123053
123084
123113
123141
123169
123203
123241
123274
123306
123336
123360
123389
123417
123446
123474
123500
123525
123552
123577
123602
123631
123654
123681
123707
123734
123759
123788
123814
123841
123867
123899
123923
123948
123975
124000
124030
124057
124087
124122
124156
124187
124220
124255
124287
124321
124356
124388
124421
124453
124487
124519
124555
124588
124622
124655
124688
124721
124757
124790
124822
124854
124884
124918
124947
124974
125007
125033
125063
125091
125117
125149
125184
125226
125259
125293
125325
125361
125399
125434
125471
125502
125538
125571
125607
125642
125676
125712
125745
125779
125813
125849
125882
125915
125949
125985
126017
126052
126084
126116
126149
126184
126218
126249
126283
126318
126349
126383
126412
126446
126476
126508
126542
126575
126608
126642
126674
126705
126739
126771
126804
126835
126865
126891
126921
126942
126964
126989
127017
127049
127083
127122
127159
127196
127233
127268
127301
127333
127367
127404
127442
127476
127510
127545
127577
127612
127647
127678
127712
127747
127783
127816
127847
127881
127912
127945
127979
128010
128040
128070
128105
128138
128169
128202
128237
128267
128301
128336
128366
128400
128432
128467
128501
128532
128565
128600
128630
128659
128690
128721
128755
128784
128814
128843
128874
128900
128928
128957
128986
129016
129053
129088
129119
129156
129190
129224
129254
129286
129322
129359
129391
129425
129463
129497
129530
129563
129595
129635
129667
129699
129733
129769
129799
129829
129865
129896
129931
129964
129998
130032
130063
130096
130128
130163
130196
130231
130263
130296
130328
130361
130398
130427
130460
130495
130526
130557
130589
130624
130656
130686
130713
130743
130771
130800
130829
130859
130889
130923
130960
130997
131030
131060
131087
131110
131137
131164
131187
131212
131237
131263
131287
131312
131336
131364
131388
131412
131436
131468
131493
131516
131541
131567
131591
131619
131642
131667
131693
131718
131741
131773
131804
131837
131868
131900
131932
131963
131995
132027
132061
132091
132123
132153
132184
132216
132251
132282
132316
132348
132382
132413
132445
132475
132510
132540
132569
132599
132627
132655
132683
132714
132742
132775
132808
132842
132877
132913
132948
132981
133018
133054
133088
133124
133158
133193
133230
133262
133297
133334
133366
133402
133435
133471
133503
133539
133572
133604
133638
133671
133703
133737
133771
133804
133837
133870
133902
133936
133968
134003
134034
134067
134099
134132
134166
134198
134234
134266
134300
134332
134366
134397
134431
134463
134494
134522
134552
134580
134608
134637
134664
134689
134719
134750
134783
134818
134851
134887
134921
134950
134986
135018
135055
135086
135123
135158
135192
135228
135260
135294
135326
135361
135395
135428
135462
135496
135530
135565
135599
135629
135664
135697
135731
135765
135795
135827
135856
135887
135921
135954
135984
136017
136048
136079
136113
136145
136178
136211
136242
136276
136306
136334
136367
136396
136427
136455
136484
136514
136542
136571
136597
136625
136653
136688
136721
136759
136793
136826
136861
136897
136931
136965
137000
137038
137073
137108
137145
137178
137212
137244
137276
137308
137345
137380
137415
137450
137481
137509
137542
137577
137609
137642
137676
137711
137745
137776
137810
137845
137877
137909
137942
137975
138005
138038
138069
138103
138136
138169
138202
138235
138271
138303
138329
138360
138389
138421
138452
138482
138512
138540
138574
138611
138646
138681
138706
138732
138760
138784
138812
138837
138864
138894
138923
138945
138969
138997
139021
139047
139071
139099
139125
139151
139176
139203
139230
139255
139284
139310
139336
139362
139386
139417
139444
139475
139510
139541
139575
139608
139640
139676
139708
139743
139775
139807
139842
139876
139908
139940
139974
140009
140043
140077
140111
140143
140176
140211
140237
140266
140298
140323
140351
140380
140410
140438
140467
140500
140536
140572
140607
140646
140679
140711
140747
140780
140818
140851
140886
140920
140956
140988
141026
141056
141091
141125
141159
141189
141225
141258
141290
141323
141356
141390
141423
141455
141493
141527
141560
141595
141628
141659
141694
141725
141759
141793
141824
141855
141887
141924
141956
141990
142021
142055
142088
142119
142153
142185
142214
142242
142274
142301
142331
142357
142383
142419
142453
142488
142526
142555
142589
142623
142655
142688
142724
142755
142790
142821
142856
142892
142925
142960
142994
143026
143060
143091
143123
143153
143184
143215
143247
143283
143315
143348
143384
143418
143449
143482
143514
143550
143583
143615
143647
143679
143714
143747
143780
143808
143841
143875
143906
143938
143970
143999
144031
144063
144090
144121
144148
144173
144205
144234
144260
144287
144315
144345
144379
144410
144443
144478
144515
144551
144585
144618
144654
144687
144722
144754
144788
144821
144851
144882
144915
144948
144977
145012
145045
145077
145110
145144
145172
145204
145236
145270
145305
145338
145370
145399
145432
145466
145498
145529
145560
145593
145621
145654
145686
145718
145749
145783
145815
145847
145876
145907
145941
145971
145999
146028
146058
146086
146116
146146
146174
146203
146228
146258
146294
146328
146360
146390
146418
146449
146475
146500
146527
146555
146575
146604
146626
146653
146680
146707
146734
146759
146786
146809
146835
146862
146887
146912
146939
146965
146993
147017
147040
147065
147091
147117
147149
147182
147211
147242
147276
147307
147338
147372
147405
147436
147468
147501
147537
147570
147605
147636
147667
147701
147736
147764
147797
147830
147866
147897
147930
147963
147992
148020
148053
148082
148110
148136
148165
148194
148230
148264
148301
148334
148370
148406
148439
148474
148509
148543
148577
148612
148644
148678
148715
148747
148781
148815
148849
148884
148920
148952
148987
149019
149053
149085
149119
149155
149188
149220
149254
149287
149319
149353
149386
149419
149452
149487
149520
149554
149588
149624
149657
149688
149722
149754
149786
149818
149850
149872
149902
149931
149960
149989
150015
150043
150074
150105
150142
150179
150214
150250
150284
150321
150356
150392
150425
150461
150488
150521
150553
150587
150623
150657
150689
150723
150754
150790
150820
150855
150886
150916
150948
150980
151014
151046
151083
151114
151146
151180
151211
151247
151280
151311
151345
151377
151408
151440
151473
151507
151538
151570
151603
151634
151668
151700
151731
151763
151792
151820
151850
151880
151903
151928
151957
151984
152019
152051
152088
152121
152154
152191
152222
152259
152292
152317
152349
152383
152422
152456
152491
152524
152557
152594
152628
152662
152694
152726
152758
152788
152822
152857
152891
152929
152962
152995
153026
153061
153093
153125
153158
153186
153218
153252
153287
153317
153349
153384
153413
153449
153479
153510
153540
153569
153602
153632
153666
153695
153724
153757
153785
153814
153846
153876
153902
153934
153966
154000
154036
154069
154104
154129
154154
154181
154209
154234
154260
154286
154313
154339
154364
154392
154416
154442
154470
154496
154526
154551
154578
154602
154631
154658
154684
154708
154736
154763
154788
154815
154839
154865
154897
154930
154963
154997
155029
155063
155095
155127
155159
155190
155222
155253
155287
155319
155352
155384
155417
155450
155484
155513
155547
155579
155606
155635
155665
155694
155725
155753
155782
155814
155845
155878
155912
155947
155984
156021
156055
156092
156126
156161
156196
156230
156264
156299
156334
156369
156404
156437
156472
156506
156542
156576
156610
156644
156677
156710
156743
156776
156809
156845
156877
156911
156946
156979
157013
157046
157078
157113
157146
157178
157210
157244
157275
157310
157341
157372
157406
157438
157469
157503
157531
157562
157591
157618
157648
157674
157701
157728
157761
157798
157831
157870
157902
157938
157971
158005
158039
158076
158111
158144
158178
158214
158248
158282
158315
158350
158384
158418
158450
158482
158516
158549
158577
158610
158639
158673
158706
158736
158763
158796
158830
158860
158893
158920
158954
158986
159018
159051
159081
159118
159151
159185
159215
159250
159282
159314
159348
159382
159413
159443
159472
159502
159531
159555
159586
159610
159639
159667
159699
159734
159770
159802
159834
159867
159902
159934
159971
160005
160035
160068
160101
160136
160170
160199
160231
160266
160299
160331
160365
160397
160429
160462
160494
160524
160556
160591
160624
160656
160691
160723
160754
160791
160824
160857
160889
160922
160954
160986
161019
161049
161081
161108
161140
161171
161204
161238
161270
161301
161337
161367
161398
161426
161460
161487
161513
161541
161570
161596
161625
161659
161694
161725
161752
161780
161805
161833
161860
161885
161912
161936
161965
161991
162020
162048
162077
162102
162128
162152
162182
162206
162230
162254
162281
162302
162331
162355
162379
162407
162437
162458
162483
162514
162548
162584
162617
162648
162679
162710
162743
162774
162808
162840
162874
162907
162942
162973
163006
163038
163071
163103
163135
163167
163200
163232
163266
163294
163328
163360
163388
163416
163445
163473
163504
163533
163562
163593
163629
163665
163700
163733
163764
163801
163837
163873
163906
163940
163975
164008
164041
164077
164111
164147
164179
164212
164246
164280
164311
164343
164376
164409
164440
164474
164507
164540
164569
164603
164637
164671
164702
164733
164766
164800
164831
164866
164898
164930
164961
164995
165029
165058
165090
165123
165156
165187
165216
165245
165279
165309
165335
165362
165391
165424
165455
165492
165529
165563
165595
165631
165666
165704
165737
165774
165808
165848
165881
165915
165949
165980
166014
166048
166082
166114
166146
166181
166213
166247
166278
166313
166347
166379
166412
166445
166479
166512
166538
166571
166602
166635
166671
166701
166731
166765
166798
166832
166862
166895
166927
166958
166989
167020
167050
167085
167116
167149
167181
167219
167243
167270
167300
167332
167360
167386
167420
167453
167490
167523
167558
167593
167624
167660
167696
167731
167765
167797
167832
167866
167899
167933
167969
168004
168037
168068
168101
168135
168166
168195
168229
168262
168290
168320
168349
168381
168413
168446
168479
168511
168543
168574
168607
168639
168674
168703
168736
168768
168802
168835
168869
168899
168933
168966
168998
169031
169060
169091
169122
169148
169174
169202
169227
169250
169280
169314
169349
169385
169413
169444
169472
169499
169530
169553
169579
169603
169630
169659
169684
169706
169732
169760
169785
169811
169841
169867
169893
169919
169944
169971
169995
170024
170051
170077
170102
170129
170154
170181
170214
170249
170283
170315
170346
170382
170413
170445
170476
170509
170544
170576
170609
170643
170674
170708
170737
170770
170802
170836
170866
170900
170932
170964
170996
171031
171063
171090
171119
171146
171175
171202
171232
171261
171301
171333
171366
171400
171435
171471
171504
171539
171575
171607
171642
171672
171708
171742
171775
171808
171842
171876
171910
171945
171978
172011
172045
172081
172114
172146
172180
172214
172243
172276
172307
172342
172372
172408
172438
172472
172504
172535
172567
172601
172634
172664
172695
172728
172761
172791
172826
172857
172891
172922
172949
172978
173009
173035
173066
173096
173122
173155
173188
173224
173259
173295
173330
173362
173396
173431
173467
173499
173535
173570
173603
173640
173672
173709
173745
173779
173813
173844
173878
173911
173944
173977
174011
174044
174078
174112
174144
174180
174211
174243
174274
174308
174342
174376
174405
174429
174463
174493
174527
174559
174591
174624
174658
174689
174719
174751
174784
174818
174848
174879
174908
174937
174961
174989
175014
175039
175074
175111
175147
175185
175223
175257
175288
175321
175357
175391
175423
175458
175493
175526
175561
175596
175630
175662
175693
175727
175759
175791
175821
175849
175881
175914
175948
175981
176013
176049
176077
176108
176141
176172
176205
176237
176267
176296
176328
176359
176392
176423
176459
176484
176515
176545
176575
176607
176641
176671
176702
176732
176763
176794
176824
176853
176880
176908
176939
176962
176993
177031
177062
177095
177119
177144
177168
177195
177222
177246
177271
177296
177325
177347
177374
177401
177425
177452
177473
177500
177526
177551
177579
177602
177629
177651
177677
177700
177726
177752
177777
177802
177826
177854
177887
177917
177950
177982
178011
178047
178079
178115
178145
178178
178210
178244
178277
178307
178340
178372
178405
178439
178467
178500
178531
178563
178595
178626
178658
178687
178717
178746
178774
178800
178825
178855
178881
178916
178950
178982
179016
179052
179086
179123
179155
179192
179226
179262
179291
179327
179363
179395
179430
179462
179492
179527
179561
179590
179623
179656
179689
179725
179757
179792
179824
179858
179892
179923
179957
179991
180023
180055
180087
180121
180154
180187
180219
180255
180286
180319
180350
180384
180416
180451
180485
180516
180549
180580
180613
180644
180669
180698
180725
180751
180779
180808
180837
180871
180906
180940
180973
181009
181046
181081
181117
181152
181188
181222
181255
181288
181321
181355
181390
181423
181455
181491
181525
181557
181593
181627
181661
181693
181726
181760
181794
181825
181860
181890
181925
181960
181993
182025
182060
182094
182124
182158
182183
182218
182245
182279
182311
182343
182375
182408
182438
182472
182501
182536
182566
182593
182623
182653
182680
182708
182734
182762
182796
182831
182867
182897
182929
182966
182999
183034
183069
183101
183134
183168
183199
183234
183268
183303
183337
183375
183407
183438
183474
183506
183537
183572
183606
183637
183670
183699
183730
183762
183795
183828
183859
183894
183925
183957
183991
184023
184057
184087
184120
184147
184180
184212
184243
184272
184299
184331
184362
184392
184422
184452
184480
184508
184539
184570
184598
184630
184655
184688
184725
184759
184794
184822
184849
184875
184901
184924
184949
184977
185004
185029
185055
185083
185110
185133
185162
185192
185218
185244
185269
185292
185317
185344
185368
185395
185423
185445
185473
185500
185525
185551
185579
185606
185638
185670
185702
185732
185763
185796
185828
185862
185894
185923
185958
185988
186021
186051
186085
186117
186148
186182
186211
186243
186273
186303
186334
186366
186395
186425
186451
186480
186509
186537
186564
186592
186627
186663
186694
186732
186767
186802
186832
186868
186904
186938
186970
187006
187041
187075
187109
187145
187179
187213
187247
187279
187311
187343
187376
187409
187443
187477
187508
187539
187571
187607
187638
187671
187703
187734
187766
187799
187832
187865
187896
187931
187961
187996
188027
188062
188095
188128
188157
188191
188225
188259
188286
188314
188344
188378
188408
188436
188461
188487
188519
188554
188588
188625
188659
188694
188729
188763
188796
188830
188864
188901
188937
188970
189000
189035
189070
189104
189140
189172
189205
189238
189271
189305
189338
189374
189405
189438
189471
189506
189540
189571
189606
189639
189673
189706
189738
189772
189806
189838
189871
189905
189938
189972
190002
190035
190069
190102
190134
190166
190198
190228
190259
190286
190314
190340
190368
190396
190426
190458
190492
190527
190561
190597
190632
190666
190700
190733
190769
190800
190838
190869
190904
190938
190972
191006
191041
191072
191106
191140
191173
191203
191227
191259
191290
191323
191353
191387
191421
191452
191481
191515
191544
191575
191604
191634
191669
191698
191730
191764
191795
191827
191857
191885
191914
191947
191978
192011
192041
192074
192106
192138
192165
192196
192225
192254
192285
192308
192338
192365
192399
192432
192465
192494
192519
192546
192574
192601
192630
192655
192678
192707
192730
192754
192780
192805
192831
192861
192884
192912
192934
192960
192985
193010
193036
193063
193092
193116
193140
193165
193189
193215
193239
193269
193300
193332
193362
193394
193425
193457
193489
193521
193555
193587
193620
193653
193686
193720
193750
193785
193815
193847
193878
193910
193943
193974
194008
194033
194064
194093
194122
194153
194181
194209
194240
194271
194310
194345
194380
194416
194450
194488
194522
194557
194591
194625
194657
194692
194726
194758
194793
194828
194862
194894
194928
194962
194996
195031
195061
195094
195128
195161
195195
195227
195261
195294
195328
195359
195392
195425
195455
195487
195521
195552
195585
195617
195650
195683
195718
195749
195781
195815
195846
195878
195912
195943
195975
196006
196035
196066
196091
196120
196144
196174
196208
196246
196286
196318
196355
196389
196423
196459
196493
196527
196565
196594
196629
196666
196698
196732
196768
196803
196838
196870
196904
196937
196970
197003
197038
197070
197103
197139
197171
197207
197238
197272
197303
197334
197367
197401
197435
197465
197499
197531
197563
197597
197627
197660
197697
197724
197757
197790
197824
197857
197887
197918
197949
197977
198006
198032
198062
198092
198122
198158
198193
198229
198261
198295
198332
198366
198398
198430
198464
198499
198528
198560
198594
198627
198661
198695
198728
198764
198793
198827
198858
198891
198925
198956
198992
199019
199049
199081
199114
199144
199177
199209
199240
199271
199304
199337
199369
199403
199434
199466
199497
199527
199558
199592
199622
199654
199688
199718
199751
199783
199804
199831
199863
199891
199921
199948
199973
200001
200032
200068
200104
200132
200161
200186
200213
200241
200266
200293
200320
200345
200374
200402
200432
200458
200487
200509
200535
200561
200586
200611
200638
200665
200689
200714
200742
200764
200789
200815
200838
200864
200889
200919
200949
200978
201009
201039
201072
201105
201133
201165
201195
201227
201259
201292
201323
201356
201386
201418
201449
201485
201515
201546
201580
201611
201647
201677
201707
201738
201769
201799
201828
201857
201885
201914
201948
201982
202018
202054
202090
202125
202161
202196
202232
202265
202303
202333
202366
202401
202434
202467
202503
202537
202571
202604
202638
202669
202703
202736
202769
202802
202834
202868
202898
202930
202963
202996
203027
203059
203094
203124
203157
203192
203223
203254
203287
203318
203350
203382
203413
203446
203475
203508
203539
203571
203603
203632
203659
203688
203715
203744
203772
203800
203827
203854
203888
203924
203956
203994
204029
204066
204104
204140
204176
204210
204243
204281
204313
204349
204384
204416
204452
204485
204520
204549
204587
204618
204652
204686
204720
204750
204786
204817
204852
204882
204918
204947
204982
205017
205051
205081
205113
205145
205175
205208
205241
205271
205303
205337
205371
205402
205432
205464
205495
205528
205560
205593
205625
205653
205682
205710
205738
205770
205798
205833
205868
205904
205936
205970
206007
206038
206074
206107
206140
206174
206207
206239
206272
206307
206340
206378
206412
206442
206469
206501
206533
206566
206598
206633
206669
206700
206733
206766
206796
206829
206861
206895
206923
206955
206987
207019
207050
207083
207113
207145
207175
207208
207240
207272
207302
207337
207366
207398
207430
207459
207486
207517
207545
207570
207601
207628
207653
207679
207708
207744
207781
207817
207844
207872
207897
207924
207949
207972
208000
208025
208054
208079
208100
208125
208154
208178
208205
208231
208255
208283
208306
208332
208360
208390
208411
208433
208458
208485
208509
208534
208561
208588
208619
208653
208684
208716
208746
208780
208811
208842
208875
208907
208940
208971
209003
209034
209068
209099
209131
209160
209194
209225
209255
209284
209309
209326
209350
209379
209407
209434
209465
209494
209525
209549
209576
209605
209639
209674
209711
209745
209781
209816
209851
209885
209919
209950
209985
210018
210053
210088
210120
210155
210187
210220
210253
210286
210320
210355
210388
210421
210455
210488
210521
210555
210585
210619
210652
210686
210719
210752
210784
210816
210848
210881
210911
210946
210976
211010
211040
211073
211106
211137
211168
211201
211232
211262
211292
211323
211353
211384
211410
211442
211468
211496
211523
211553
211584
211617
211654
211686
211719
211753
211788
211825
211856
211890
211926
211960
211993
212025
212060
212094
212129
212162
212195
212230
212261
212294
212326
212359
212393
212426
212458
212491
212524
212556
212588
212620
212652
212683
212716
212748
212782
212812
212844
212876
212908
212940
212972
213007
213040
213072
213099
213132
213163
213196
213230
213258
213288
213321
213351
213381
213408
213439
213466
213500
213532
213568
213605
213643
213677
213712
213747
213783
213817
213851
213886
213920
213954
213986
214018
214050
214086
214120
214154
214189
214222
214256
214288
214323
214357
214389
214426
214456
214486
214517
214551
214583
214615
214647
214681
214713
214745
214775
214810
214840
214873
214904
214938
214972
215004
215038
215066
215099
215129
215161
215194
215224
215253
215280
215305
215333
215364
215387
215411
215442
215476
215513
215543
215570
215597
215623
215648
215676
215702
215730
215757
215780
215806
215836
215858
215883
215906
215933
215959
215982
216012
216037
216063
216091
216118
216144
216167
216190
216216
216241
216267
216292
216323
216353
216387
216417
216447
216477
216508
216540
216572
216604
216634
216666
216698
216727
216758
216790
216823
216855
216887
216918
216951
216982
217013
217044
217075
217105
217138
217166
217194
217222
217249
217276
217302
217329
217359
217392
217427
217461
217496
217530
217567
217601
217634
217667
217703
217733
217767
217803
217833
217869
217900
217935
217969
218002
218036
218070
218107
218139
218169
218196
218229
218264
218293
218326
218359
218394
218426
218456
218489
218525
218557
218587
218620
218652
218686
218715
218744
218779
218810
218843
218874
218907
218938
218969
218997
219027
219056
219082
219111
219138
219164
219191
219219
219255
219288
219322
219357
219394
219429
219463
219496
219528
219563
219596
219632
219664
219700
219733
219768
219800
219836
219866
219900
219934
219968
220002
220035
220069
220103
220136
220165
220197
220230
220263
220298
220329
220366
220397
220430
220463
220495
220528
220561
220591
220625
220658
220690
220723
220755
220786
220817
220851
220883
220912
220940
220970
220998
221026
221052
221086
221114
221142
221173
221209
221243
221277
221313
221348
221384
221414
221448
221481
221515
221546
221582
221617
221648
221681
221714
221746
221779
221813
221845
221879
221911
221942
221977
222009
222040
222071
222102
222135
222169
222200
222235
222266
222298
222327
222362
222394
222427
222455
222489
222514
222544
222577
222604
222633
222668
222696
222729
222763
222793
222824
222857
222889
222918
222949
222977
223004
223036
223065
223088
223122
223151
223187
223215
223249
223275
223305
223328
223357
223384
223409
223435
223460
223484
223509
223534
223561
223589
223614
223640
223667
223691
223718
223745
223772
223799
223823
223849
223871
223895
223919
223944
223966
223991
224017
224050
224080
224112
224143
224170
224204
224234
224269
224297
224332
224362
224395
224428
224458
224489
224523
224552
224585
224617
224647
224681
224710
224744
224766
224793
224821
224849
224878
224908
224935
224966
224995
225030
225064
225101
225135
225172
225209
225241
225274
225308
225342
225376
225406
225438
225470
225506
225541
225575
225608
225643
225675
225706
225734
225762
225795
225829
225858
225892
225926
225960
225995
226025
226055
226087
226118
226153
226188
226220
226253
226283
226316
226345
226378
226410
226443
226474
226506
226538
226571
226600
226630
226660
226689
226721
226752
226782
226812
226839
226866
226892
226920
226955
226991
227026
227061
227096
227130
227165
227200
227233
227267
227299
227332
227365
227401
227434
227468
227500
227533
227565
227597
227630
227662
227694
227725
227758
227789
227822
227855
227887
227921
227954
227986
228021
228054
228087
228121
228155
228185
228216
228250
228280
228314
228344
228380
228412
228443
228474
228507
228541
228571
228603
228633
228661
228690
228718
228745
228774
228803
228829
228862
228897
228933
228968
229003
229035
229070
229102
229136
229174
229207
229241
229273
229306
229340
229373
229406
229442
229474
229509
229541
229573
229606
229640
229671
229707
229736
229770
229801
229833
229866
229899
229931
229964
229995
230021
230051
230080
230113
230144
230176
230207
230238
230272
230301
230333
230364
230395
230430
230459
230489
230522
230555
230581
230607
230637
230667
230694
230724
230752
230779
230813
230851
230884
230912
230939
230968
230991
231017
231038
231061
231086
231111
231135
231160
231186
231215
231245
231264
231291
231317
231341
231367
231391
231419
231447
231474
231499
231524
231555
231581
231605
231629
231652
231682
231713
231744
231777
231810
231842
231875
231906
231934
231964
231993
232025
232053
232086
232116
232151
232183
232215
232246
232276
232310
232341
232372
232404
232435
232468
232499
232527
232554
232583
232613
232640
232664
232692
232728
232758
232792
232827
232861
232896
232928
232963
232989
233024
233057
233092
233128
233158
233192
233226
233258
233290
233326
233357
233390
233424
233459
233486
233519
233551
233583
233609
233635
233668
233698
233729
233762
233791
233824
233854
233887
233922
233954
233985
234016
234048
234078
234108
234141
234171
234205
234239
234269
234301
234333
234365
234395
234426
234454
234486
234511
234539
234568
234595
234628
234662
234697
234729
234766
234801
234837
234869
234904
234936
234971
235006
235038
235073
235105
235140
235174
235207
235241
235272
235305
235339
235371
235406
235437
235468
235505
235536
235568
235600
235632
235666
235696
235729
235761
235794
235824
235854
235888
235919
235949
235983
236016
236047
236076
236111
236140
236176
236206
236241
236263
236295
236324
236352
236381
236408
236438
236466
236493
236528
236563
236597
236634
236668
236701
236736
236771
236807
236839
236873
236906
236940
236973
237008
237041
237073
237107
237139
237172
237204
237237
237270
237304
237336
237369
237401
237433
237467
237501
237532
237563
237595
237630
237660
237692
237723
237756
237789
237823
237855
237887
237918
237950
237983
238013
238046
238072
238102
238133
238163
238186
238216
238248
238276
238305
238331
238358
238389
238419
238455
238489
238525
238552
238578
238606
238629
238654
238679
238704
238731
238759
238781
238808
238832
238860
238885
238909
238938
238960
238986
239014
239038
239064
239090
239114
239139
239163
239190
239221
239244
239264
239290
239318
239351
239380
239414
239446
239476
239510
239543
239577
239600
239632
239663
239692
239721
239753
239786
239818
239850
239883
239916
239948
239978
240010
240043
240075
240103
240133
240161
240191
240219
240246
240276
240306
240338
240366
240395
240427
240462
240496
240530
240562
240598
240629
240661
240693
240730
240761
240794
240830
240859
240892
240926
240958
240991
241025
241054
241086
241120
241147
241179
241210
241243
241276
241308
241340
241370
241401
241432
241463
241494
241523
241558
241588
241621
241651
241682
241716
241747
241777
241807
241833
241866
241899
241930
241960
241988
242020
242043
242074
242101
242128
242157
242181
242209
242239
242266
242300
242335
242371
242402
242439
242473
242509
242542
242576
242610
242643
242679
242715
242749
242780
242818
242850
242882
242917
242950
242983
243016
243048
243079
243111
243143
243175
243207
243239
243271
243303
243335
243368
243401
243434
243465
243495
243526
243559
243588
243623
243653
243685
243717
243750
243782
243816
243849
243879
243910
243940
243969
244001
244029
244058
244085
244113
244143
244169
244196
244231
244262
244295
244327
244362
244397
244430
244463
244497
244526
244561
244595
244629
244661
244696
244728
244764
244796
244829
244860
244894
244930
244962
244993
245024
245058
245091
245123
245154
245183
245216
245249
245283
245314
245349
245381
245413
245446
245480
245513
245544
245574
245605
245638
245670
245702
245733
245765
245797
245828
245861
245885
245913
245935
245961
245989
246017
246043
246072
246098
246132
246167
246203
246231
246260
246287
246313
246340
246366
246393
246420
246452
246481
246508
246533
246563
246587
246612
246639
246665
246693
246719
246739
246766
246792
246815
246840
246864
246889
246916
246938
246962
246984
247008
247037
247069
247098
247131
247161
247193
247224
247255
247288
247321
247349
247382
247407
247439
247471
247503
247534
247565
247597
247624
247659
247687
247720
247749
247781
247806
247834
247856
247881
247904
247931
247956
247988
248008
248039
248074
248107
248141
248176
248210
248246
248281
248315
248350
248383
248419
248455
248487
248519
248554
248587
248621
248653
248686
248720
248752
248780
248814
248846
248878
248912
248943
248970
249004
249034
249067
249099
249130
249165
249195
249224
249260
249289
249320
249352
249382
249415
249446
249478
249508
249542
249571
249605
249637
249668
249697
249724
249751
249780
249814
249840
249867
249896
249925
249955
249985
250019
250047
250082
250108
250146
250177
250212
250246
250281
250316
250349
250378
250410
250445
250476
250512
250545
250576
250609
250640
250672
250703
250736
250767
250804
250835
250870
250902
250936
250963
250996
251027
251060
251090
251122
251155
251184
251217
251249
251278
251309
251342
251374
251406
251438
251471
251499
251530
251561
251592
251624
251656
251687
251718
251744
251774
251800
251824
251853
251880
251910
251944
251981
252015
252050
252083
252116
252153
252187
252222
252257
252290
252324
252359
252393
252428
252460
252493
252526
252558
252592
252625
252658
252691
252723
252753
252786
252818
252851
252883
252914
252947
252979
253009
253042
253074
253106
253138
253168
253201
253232
253263
253294
253327
253357
253390
253422
253453
253486
253518
253549
253550
253590
253655
253693
253724
253750
253776
253807
253836
253864
253888
253914
253939
253967
253994
254021
254048
254078
254104
254128
254154
254182
254211
254235
254259
254287
254315
254344
254368
254394
254416
254443
254466
254492
254515
254542
254565
254599
254630
254664
254686
254717
254747
254779
254812
254845
254877
254909
254944
254975
255009
255039
255071
255100
255133
255165
255193
255224
255257
255286
255319
255352
255383
255411
255444
255467
255497
255527
255552
255583
255611
255639
255667
255695
255731
255767
255802
255832
255866
255899
255933
255964
255993
256027
256058
256092
256126
256154
256187
256218
256251
256286
256315
256348
256381
256412
256443
256475
256508
256540
256573
256605
256637
256669
256703
256734
256767
256793
256824
256854
256887
256918
256948
256983
257012
257046
257076
257109
257143
257173
257199
257232
257262
257291
257322
257353
257384
257415
257446
257470
257497
257523
257553
257581
257615
257650
257684
257717
257750
257783
257818
257849
257882
257912
257948
257982
258012
258048
258082
258114
258147
258180
258210
258246
258279
258314
258346
258379
258410
258443
258476
258507
258539
258570
258603
258636
258667
258700
258733
258765
258795
258827
258860
258893
258924
258955
258985
259017
259048
259079
259110
259142
259174
259205
259231
259264
259295
259310
259338
259364
259396
259423
259455
259477
259505
259539
259576
259612
259647
259680
259715
259752
259786
259822
259853
259888
259923
259958
259991
260025
260058
260094
260123
260156
260188
260218
260250
260285
260314
260347
260380
260412
260446
260478
260509
260539
260556
260590
260622
260646
260679
260710
260742
260773
260805
260837
260864
260896
260928
260959
260991
261023
261054
261087
261118
261150
261181
261213
261222
261243
261276
261302
261334
261361
261395
261431
261469
261502
261510
261539
261579
261613
261643
261675
261707
261739
261768
261792
261818
261842
261868
261894
261918
261943
261967
261997
262025
262049
262074
262098
262116
262143
262175
262207
262239
262272
262305
262336
262369
262400
262432
262463
262495
262518
262537
262570
262602
262631
262661
262693
262726
262758
262791
262821
262854
262885
262917
262946
262979
263010
263041
263071
263104
263136
263143
263144
263151
263152
263193
263229
263263
263294
263324
263353
263384
263407
263433
263466
263505
263542
263582
263617
263653
263692
263730
263765
263802
263835
263870
263904
263933
263967
263998
264030
264061
264093
264122
264150
264183
264215
264225
264226
264262
264298
264332
264367
264404
264438
264472
264501
264533
264563
264594
264625
264644
264667
264698
264729
264760
264789
264820
264851
264881
264910
264942
264973
265003
265034
265062
265063
265093
265124
265155
265186
265218
265243
265274
265298
265331
265364
265401
265435
265469
265502
265537
265568
265600
265635
265666
265701
265731
265764
265795
265826
265858
265878
265900
265928
265959
265994
266019
266041
266060
266092
266124
266160
266193
266227
266258
266291
266320
266353
266385
266418
266450
266481
266512
266542
266572
266606
266636
266667
266698
266733
266765
266795
266828
266861
266892
266921
266953
266981
266992
267020
267050
267076
267104
267134
267162
267197
267231
267268
267301
267338
267368
267404
267437
267469
267503
267535
267568
267603
267637
267669
267703
267736
267770
267803
267833
267865
267897
267930
267962
267987
268019
268050
268083
268117
268147
268179
268210
268244
268273
268309
268342
268374
268405
268438
268467
268499
268532
268563
268592
268626
268655
268689
268719
268750
268781
268811
268845
268877
268900
268901
268934
268966
269000
269028
269058
269086
269114
269149
269181
269202
269235
269271
269303
269339
269375
269405
269434
269468
269489
269519
269554
269585
269609
269637
269664
269690
269721
269752
269780
269805
269828
269852
269875
269899
269923
269948
269972
270001
270027
270050
270073
270096
270121
270147
270165
270188
270221
270251
270283
270314
270341
270370
270398
270425
270454
270476
270497
270523
270546
270575
270607
270626
270634
270663
270692
270721
270751
270781
270812
270815
270816
270847
270879
270906
270937
270968
270997
271029
271065
271102
271141
271177
271217
271277
271316
271352
271388
271425
271461
271498
271533
271567
271600
271632
271661
271697
271729
271755
271772
271792
271821
271853
271886
271922
271951
271985
272018
272049
272078
272110
272142
272173
272207
272233
272265
272299
272329
272359
272391
272422
272453
272484
272517
272545
272570
272599
272622
272653
272679
272702
272732
272736
272751
272776
272806
272833
272860
272893
272927
272962
272974
273009
273044
273078
273111
273146
273180
273216
273237
273273
273314
273346
273382
273420
273457
273486
273518
273549
273583
273615
273648
273680
273710
273742
273774
273800
273828
273857
273888
273921
273942
273970
273999
274032
274063
274095
274128
274159
274192
274221
274254
274287
274319
274347
274377
274407
274437
274469
274499
274533
274562
274594
274625
274654
274662
274688
274717
274745
274773
274800
274826
274862
274896
274932
274964
274998
275033
275057
275095
275128
275163
275198
275228
275262
275296
275330
275364
275396
275428
275460
275493
275525
275557
275587
275621
275654
275687
275709
275728
275744
275768
275801
275829
275861
275888
275919
275946
275977
276003
276035
276062
276089
276121
276148
276183
276218
276251
276287
276321
276356
276391
276426
276460
276493
276524
276557
276581
276582
276617
276649
276681
276715
276745
276771
276801
276835
276868
276903
276935
276964
276991
277019
277045
277072
277097
277125
277152
277177
277201
277226
277250
277275
277298
277325
277353
277380
277405
277430
277453
277477
277503
277528
277550
277571
277582
277604
277631
277656
277683
277707
277731
277764
277794
277829
277860
277890
277924
277953
277973
277997
278028
278059
278094
278125
278160
278191
278223
278255
278284
278315
278348
278379
278413
278444
278478
278495
278507
278536
278566
278595
278623
278650
278686
278721
278751
278787
278822
278853
278888
278922
278957
278993
279027
279060
279095
279126
279162
279194
279230
279260
279293
279324
279357
279388
279419
279449
279482
279516
279546
279576
279608
279640
279672
279703
279736
279762
279790
279822
279850
279881
279911
279937
279970
279999
280029
280061
280092
280122
280155
280182
280213
280242
280273
280302
280335
280366
280397
280412
280432
280463
280490
280518
280546
280574
280601
280637
280672
280709
280741
280777
280811
280845
280878
280912
280947
280979
281012
281047
281079
281112
281144
281176
281208
281240
281276
281307
281338
281371
281403
281435
281467
281500
281530
281552
281570
281593
281626
281657
281689
281723
281753
281776
281796
281827
281856
281883
281910
281938
281967
282000
282030
282063
282094
282127
282157
282190
282221
282250
282281
282313
282332
282333
282362
282396
282432
282459
282490
282525
282564
282604
282642
282680
282718
282753
282792
282829
282863
282897
282930
282962
282995
283029
283058
283094
283125
283157
283188
283219
283251
283281
283315
283346
283376
283406
283438
283470
283501
283532
283565
283594
283616
283638
283667
283700
283731
283764
283795
283826
283859
283885
283900
283928
283959
283991
284021
284053
284085
284117
284148
284181
284208
284237
284262
284292
284319
284346
284377
284406
284431
284461
284491
284523
284559
284590
284626
284661
284684
284691
284712
284749
284785
284810
284842
284867
284897
284922
284949
284974
284999
285024
285049
285073
285099
285122
285151
285173
285199
285224
285256
285279
285304
285328
285354
285378
285402
285425
285447
285471
285493
285517
285547
285578
285610
285640
285669
285700
285733
285766
285795
285827
285855
285886
285916
285945
285977
286012
286041
286074
286107
286140
286168
286197
286227
286259
286281
286310
286342
286373
286403
286432
286462
286496
286530
286561
286595
286630
286664
286697
286729
286765
286796
286830
286863
286892
286925
286958
286989
287023
287040
287072
287103
287138
287170
287201
287235
287269
287302
287332
287362
287392
287423
287456
287486
287518
287552
287583
287618
287645
287677
287704
287735
287766
287797
287823
287854
287885
287914
287945
287977
288007
288039
288072
288094
288114
288144
288174
288203
288231
288255
288284
288313
288349
288385
288418
288448
288484
288519
288554
288587
288622
288659
288691
288708
288733
288770
288805
288843
288879
288916
288953
288987
289018
289045
289078
289110
289139
289169
289202
289233
289262
289281
289297
289326
289356
289389
289419
289450
289483
289514
289547
289575
289606
289640
289670
289703
289733
289764
289796
289825
289854
289885
289915
289946
289977
290007
290011
290025
290056
290082
290110
290141
290170
290207
290240
290276
290304
290332
290366
290400
290436
290470
290502
290537
290571
290603
290635
290670
290702
290735
290762
290796
290830
290862
290898
290928
290962
290995
291025
291055
291082
291115
291148
291181
291210
291241
291274
291308
291341
291373
291403
291430
291453
291486
291516
291546
291581
291609
291641
291674
291705
291737
291768
291799
291828
291859
291891
291922
291939
291965
291995
292024
292054
292083
292110
292139
292171
292207
292242
292273
292308
292331
292357
292383
292408
292434
292463
292485
292511
292540
292566
292590
292617
292643
292675
292707
292729
292753
292777
292802
292828
292852
292881
292908
292933
292957
292981
293007
293031
293056
293084
293111
293135
293157
293184
293213
293244
293276
293307
293340
293370
293401
293431
293461
293493
293523
293554
293586
293617
293648
293678
293708
293741
293770
293804
293833
293862
293893
293914
293941
293966
293989
294013
294038
294062
294079
294097
294129
294161
294191
294224
294257
294292
294327
294358
294391
294425
294457
294488
294518
294550
294584
294617
294650
294680
294713
294744
294774
294807
294837
294868
294899
294929
294956
294987
295019
295050
295074
295105
295135
295164
295198
295226
295259
295289
295322
295353
295384
295415
295445
295477
295507
295536
295563
295589
295622
295652
295678
295705
295736
295766
295774
295816
295846
295876
295903
295932
295960
295987
296019
296054
296088
296121
296157
296189
296222
296257
296288
296319
296354
296385
296410
296441
296474
296503
296537
296569
296602
296634
296666
296699
296731
296764
296798
296829
296861
296893
296925
296956
296986
297016
297047
297076
297108
297140
297173
297203
297232
297262
297294
297325
297356
297388
297417
297448
297479
297513
297541
297570
297602
297634
297659
297687
297712
297739
297763
297780
297798
297815
297842
297874
297902
297923
297941
297975
298004
298036
298070
298097
298132
298161
298191
298222
298255
298287
298319
298353
298384
298418
298447
298479
298510
298543
298575
298605
298638
298652
298671
298702
298737
298774
298810
298846
298883
298918
298952
298987
299022
299055
299091
299092
299117
299151
299183
299219
299253
299284
299319
299354
299385
299417
299445
299473
299506
299534
299565
299596
299608
299636
299668
299699
299728
299755
299782
299809
299837
299864
299899
299921
299952
299976
300012
300040
300066
300091
300117
300143
300168
300191
300216
300243
300267
300292
300316
300342
300367
300391
300418
300442
300468
300492
300515
300541
300568
300598
300623
300649
300675
300701
300732
300755
300785
300819
300849
300875
300908
300940
300971
301003
301032
301067
301099
301127
301158
301190
301222
301254
301280
301310
301344
301376
301408
301441
301471
301497
301526
301536
301554
301587
301616
301644
301675
301703
301729
301754
301782
301817
301852
301883
301918
301952
301984
302018
302049
302083
302115
302138
302169
302203
302238
302271
302304
302336
302367
302401
302433
302465
302498
302532
302565
302597
302628
302662
302691
302723
302754
302788
302820
302849
302883
302915
302948
302978
303008
303039
303073
303102
303133
303155
303187
303219
303250
303281
303311
303343
303375
303398
303430
303452
303469
303495
303524
303550
303576
303604
303633
303666
303701
303734
303771
303805
303837
303870
303899
303931
303966
303988
304010
304049
304085
304122
304160
304179
304213
304247
304279
304316
304355
304391
304427
304453
304481
304511
304542
304573
304605
304630
304652
304685
304712
304745
304777
304807
304839
304870
304901
304931
304963
304993
305024
305053
305083
305110
305139
305169
305201
305227
305260
305288
305319
305351
305375
305376
305409
305438
305463
305492
305528
305559
305593
305629
305663
305698
305733
305765
305797
305825
305856
305887
305923
305952
305987
306017
306049
306082
306117
306148
306180
306212
306247
306277
306309
306342
306355
306407
306442
306472
306504
306536
306568
306600
306631
306661
306688
306707
306726
306746
306778
306814
306848
306884
306918
306955
306989
307025
307059
307096
307131
307164
307200
307236
307271
307301
307333
307365
307391
307419
307448
307475
307503
307529
307563
307598
307631
307665
307690
307725
307759
307792
307826
307857
307891
307923
307954
307988
308020
308051
308077
308104
308130
308153
308175
308203
308235
308268
308298
308332
308363
308399
308429
308461
308486
308512
308542
308573
308601
308628
308654
308678
308704
308727
308755
308779
308806
308835
308865
308893
308917
308943
308969
308994
309020
309046
309069
309090
309114
309139
309164
309190
309211
309238
1
38
69
102
137
164
196
228
266
302
337
371
403
431
460
490
519
550
580
610
641
669
699
729
760
789
823
854
881
911
939
970
1001
1029
1060
1092
1121
1156
1187
1217
1252
1291
1325
1362
1397
1437
1471
1510
1549
1586
1623
1660
1699
1733
1769
1810
1846
1884
1918
1932
1964
1997
2029
2061
2096
2131
2172
2213
2253
2295
2337
2375
2419
2459
2497
2535
2578
2616
2655
2695
2733
2771
2809
2851
2892
2930
2967
3004
3043
3081
3121
3160
1
41
75
116
163
203
247
293
331
373
412
454
490
530
569
608
648
685
723
760
800
842
882
922
960
998
1037
1075
1113
1151
1187
1224
1263
1301
1333
1367
1406
1443
1481
1519
1555
1591
1629
1668
1705
1743
1780
1815
1853
1890
1919
1934
1968
2000
2034
2067
2102
2144
2186
2226
2267
2308
2352
2391
2433
2471
2513
2550
2591
2629
2669
2706
2745
2784
2823
2864
2901
2934
2973
3012
3049
3090
3125
3164
3201
3242
3276
3317
3354
3393
3429
3470
3507
3543
3580
3619
3658
3696
3733
3770
3801
3832
3858
3891
3928
3958
3993
4028
4063
4102
4141
4179
4215
4250
4283
4314
4347
4377
4407
4432
4463
4492
4525
4550
4585
4614
4646
4674
4705
4734
4763
4793
4823
4854
4882
4916
4955
4992
5028
5065
5103
5139
5175
5216
5255
5290
5324
5361
5401
5436
5473
5510
5549
5586
5623
5659
5697
5735
5771
5807
5838
1
36
71
110
150
189
233
274
316
353
394
432
470
508
551
591
628
670
710
746
784
825
860
896
930
967
1003
1040
1079
1118
1158
1195
1235
1269
1310
1347
1384
1427
1461
1500
1537
1573
1612
1650
1677
1704
1732
1758
1786
1821
1857
1884
1907
1930
1951
1975
1995
2019
2040
2059
2087
2111
2140
2172
2198
2222
2250
2273
2297
2322
2354
2380
2406
2428
2459
2491
2522
2541
2561
2591
2625
2652
2672
2699
2731
2756
2784
2818
2850
2886
2922
2960
2996
3032
3066
3104
3142
3182
3209
3248
3284
3326
3361
3386
3423
3459
3499
3534
3566
3593
3629
3666
3706
3741
3780
3811
3845
3882
3918
3955
3990
4020
4050
4087
4128
4168
4208
4249
4287
4325
4368
4408
4448
4489
4531
4567
4606
4646
4686
4724
4763
4799
4839
4878
4915
4954
4992
5028
5066
5108
5143
5179
5218
5256
5293
5331
5367
5408
5442
5479
5517
5556
5594
5629
5665
5700
5738
5766
5800
5835
5866
5899
5933
5965
5998
6039
6076
6116
6159
6200
6242
6283
6324
6363
6402
6442
6481
6521
6559
6599
6637
6675
6716
6758
6794
6829
6869
6908
6949
6987
7026
7064
7102
7144
7183
7220
7258
7292
7330
7367
7406
7445
7484
7517
7558
7593
7631
7668
7688
7719
7753
7786
7819
7853
7887
7929
7971
8010
8051
8092
8135
8174
8214
8255
8295
8334
8373
8414
8452
8492
8529
8569
8607
8644
8681
8720
8759
8798
8836
8874
8915
8952
8994
9031
9071
9109
9147
9185
9224
9260
9298
9337
9374
9414
9450
9487
9525
9562
9598
9609
9630
9667
9700
9735
9771
9808
9850
9891
9938
9969
10004
10034
10068
10097
10131
10161
10191
10224
10258
10288
10319
10350
10382
10409
10440
10470
10500
10532
10562
10592
10625
10655
10692
10730
10768
10806
10845
10885
10922
10954
10982
11012
11052
11091
11134
11170
11204
11242
11280
11318
11355
11394
11431
11462
11493
11529
11565
11601
11636
11670
11703
11738
11775
11809
11850
11876
11909
11949
11989
12029
12062
12095
12138
12177
12217
12254
12292
12331
12369
12407
12448
12486
12525
12561
12600
12636
12678
12718
12755
12794
12829
12868
12906
12947
12984
13024
13062
13100
13139
13175
13214
13252
13290
13330
13367
13403
13440
13475
13515
13544
13571
13607
13643
13667
13691
13726
13767
13810
13849
13893
13933
13967
13997
14026
14054
14085
14120
14159
14199
14236
14274
14308
14348
14385
14426
14466
14505
14543
14581
14620
14659
14699
14738
1
36
71
114
160
201
247
289
332
374
413
456
497
536
580
617
653
694
732
771
810
852
889
925
964
999
1039
1073
1112
1151
1189
1227
1266
1306
1341
1380
1419
1457
1496
1533
1573
1612
1645
1683
1722
1761
1799
1840
1875
1912
1940
1974
2003
2039
2070
2102
2134
2169
2209
2251
2293
2338
2372
2414
2454
2494
2534
2576
2616
2655
2694
2734
2768
2808
2852
2890
2930
2968
3008
3046
3087
3123
3161
3197
3237
3276
3315
3355
3395
3433
3471
3510
3548
3588
3624
3662
3701
3739
3776
3810
3846
3883
3916
3950
3982
4017
4049
4081
4117
4158
4200
4243
4286
4325
4363
4405
4444
4483
4520
4560
4598
4635
4674
4714
4754
4791
4827
4865
4900
4941
4979
5014
5056
5095
5131
5166
5196
5235
5273
5311
5350
5388
5423
5461
5495
5535
5576
5611
5648
5688
5722
5757
5793
5831
5859
5893
5927
5960
5988
1
21
42
72
96
123
151
173
199
227
251
273
299
320
347
369
393
414
437
465
486
513
551
581
606
633
662
688
716
742
769
795
829
868
898
919
940
966
1006
1042
1070
1105
1137
1172
1210
1246
1285
1320
1361
1396
1436
1473
1508
1546
1583
1621
1659
1691
1728
1765
1805
1839
1879
1914
1946
1979
2012
2045
2075
2106
2139
2179
2218
2260
2301
2342
2381
2425
2462
2501
2540
2582
2621
2661
2702
2745
2781
2819
2861
2898
2931
2974
3010
3048
3084
3123
3160
3198
3236
3274
3314
3353
3388
3422
3461
3496
3516
3548
3571
3592
3612
3634
3654
3678
3698
3720
3741
3765
3784
3804
3826
3854
3888
3909
3928
3946
3964
3980
3999
4020
4039
4064
4088
4112
4150
4188
4212
4250
4287
4326
4371
4396
4426
4459
4487
4518
4550
4588
4621
4658
4691
4721
4758
4785
4815
4843
4875
4903
4930
4960
4989
5025
5051
5080
5115
5151
5190
5228
5262
5290
5326
5366
5398
5437
5472
5509
5548
5586
5623
5657
5695
5736
5770
5802
5833
5868
5899
5931
5965
5999
6039
6079
6118
6160
6200
6241
6281
6323
6364
6403
6444
6481
6521
6561
6600
6639
6678
6717
6754
6793
6828
6869
6907
6944
6986
7024
7063
7101
7139
7178
7215
7254
7289
7328
7365
7402
7442
7479
7514
7555
7593
7630
7668
7706
7749
7779
7812
7851
7879
7910
7940
7982
8023
8063
8096
8129
8159
8194
8222
8250
8277
8309
8341
8373
8401
8436
8466
8496
8527
8556
8586
8613
8643
8675
8704
8733
8761
8793
8824
8860
8898
8937
8973
9013
9050
9088
9125
9166
9202
9231
9269
9308
9345
9382
9419
9456
9495
9534
9570
9611
9647
9680
9710
9743
9777
9808
9838
9865
9891
9916
9944
9971
9999
10023
10051
10078
10104
10127
10148
10167
10185
10214
10247
10279
10314
10347
10382
10415
10449
10481
10512
10547
10581
10615
10652
10687
10723
10758
10790
10824
10858
10890
10914
10948
10981
11018
11050
11085
11116
11150
11182
11214
11248
11281
11313
11346
11380
11413
11453
11481
11514
11548
11576
11609
11638
11668
11697
11726
11753
11785
11820
11859
11896
11930
11970
12006
12043
12079
12114
12151
12190
12221
12257
12293
12326
12340
12349
12359
12367
12379
12392
12404
12416
12426
12442
12453
12469
12480
12504
12518
12536
12550
12562
12580
12601
12622
12639
12652
12667
12679
12691
12699
12710
12720
12744
12773
12809
12841
12878
12914
12949
12985
13021
13049
13070
13095
13120
13143
13165
13187
13209
13231
13253
13278
13310
13342
13378
13404
13427
13449
13471
13497
13517
13532
13554
13581
13598
13620
13643
13677
13712
13745
13771
13800
13835
13875
13911
13945
13984
14018
14050
14088
14123
14156
14193
14227
14261
14297
14330
14367
14402
14436
14468
14505
14541
14579
14610
14644
14680
14717
14744
14780
14812
14848
14881
14914
14949
14983
15018
15050
15086
15117
15151
15184
15217
15253
15288
15320
15355
15386
15414
15442
15476
15506
15536
15565
15594
15626
15659
15697
15736
15770
15802
15828
15856
15884
15908
15934
15964
15995
16023
16049
16074
16100
16127
16152
16180
16205
16233
16258
16286
16311
16341
16370
16395
16422
16448
16475
16505
16529
16556
16588
16622
16658
16693
16725
16758
16792
16826
16859
16897
16926
16958
16993
17026
17061
17095
17128
17160
17194
17227
17259
17294
17326
17354
17385
17411
17440
17468
17496
17526
17563
17605
17640
17673
17708
17740
17775
17808
17843
17879
17915
17951
17986
18022
18055
18092
18124
18160
18195
18231
18263
18295
18332
18368
18402
18436
18467
18501
18534
18567
18600
18635
18668
18702
18738
18768
18801
18834
18867
1
38
75
116
158
197
241
283
323
361
405
449
490
528
572
611
651
693
731
771
812
850
890
927
966
1005
1043
1079
1118
1
39
75
111
151
187
235
275
317
346
384
425
462
499
534
574
607
638
672
707
744
779
814
851
889
928
969
1006
1042
1080
1117
1155
1191
1229
1268
1306
1342
1381
1419
1454
1491
1527
1565
1606
1643
1678
1712
1741
1772
1803
1833
1861
1891
1920
1948
1975
2001
2027
2053
2076
2103
2131
2158
2188
2216
2253
2289
2320
2355
2397
2435
2478
2520
2561
2601
2640
2681
2719
2757
2796
2833
2872
2908
2951
2991
3027
3067
3105
3144
3186
3221
3260
3298
3338
3376
3414
3449
3484
3516
3550
3585
3620
3659
3692
3732
3767
3799
3828
3865
3902
3936
3969
4004
4039
4073
4107
4148
4190
4228
4269
4310
4350
4389
4428
4466
4504
1
31
65
98
134
165
194
228
257
292
319
346
378
402
433
468
508
542
577
607
642
683
722
763
796
831
866
904
937
974
1007
1042
1080
1118
1154
1191
1229
1259
1285
1314
1336
1363
1390
1417
1443
1468
1504
1542
1578
1604
1632
1664
1701
1738
1771
1801
1830
1867
1902
1939
1973
2001
2027
2057
2087
2118
2152
2188
2229
2270
2310
2348
2389
2423
2456
2494
2534
2574
2616
2651
2689
2729
2766
2804
2841
2878
2915
2955
2992
3031
3072
3110
3149
3190
3225
3265
3306
3341
3378
3416
3451
3490
3527
3568
3603
3642
3673
3707
3741
3775
3809
3848
3877
3910
3947
3980
4012
4045
4082
4122
4165
4204
4250
4291
4331
4374
4412
4454
4492
4533
4568
4602
4641
4682
4721
4762
4795
4826
4865
4904
4942
4977
5008
5048
5086
5126
5155
5188
5226
5265
5301
5332
5365
5406
5445
5484
5512
5542
5579
5617
5655
5691
5729
5766
5801
5836
5872
5909
5943
5978
6010
6043
6074
6116
6160
6193
6233
6273
6314
6355
6394
6433
6471
6511
6550
6593
6635
6662
6691
6727
6765
6804
6841
6881
6917
6956
6994
7031
7071
7105
7143
7181
7220
7259
7290
7327
7366
7406
7445
7482
7519
7560
7596
7633
7669
7707
7740
7768
7804
7835
7870
7898
7935
7977
8017
8053
8091
8122
8147
8181
8212
8245
8274
8308
8337
8366
8396
8426
8458
8486
8516
8544
8575
8604
8634
8664
8696
8726
8757
8789
8822
8861
8898
8936
8975
9012
9050
9089
9126
9169
9205
9243
9280
9319
9356
9395
9433
9473
9509
9547
9584
9622
9658
9692
9725
9759
9792
9825
9866
9907
9949
9985
10021
10065
10104
10143
10184
10225
10262
10301
10341
10381
10418
10455
10493
10530
10567
10605
10643
10678
10718
10753
10792
10831
10868
10905
10942
10981
11018
11048
11087
11126
11162
11198
11236
11273
11311
11347
11383
11422
11459
11495
11531
11565
11599
11631
11667
11700
11734
11769
11808
11853
11894
11936
11970
12014
